10 0.49589109816835286 0.6046874999999999 0.8396410981683529 0.60625 0.8380785981683528 0.8234375 0.7958910981683529 0.8234375 0.7818285981683528 0.7390625 0.7990160981683528 0.7343749999999999 0.7990160981683528 0.7218749999999999 0.7708910981683529 0.6906249999999999 0.6943285981683529 0.6859374999999999 0.6802660981683528 0.6921875 0.6927660981683529 0.7281249999999999 0.6802660981683528 0.815625 0.6708910981683529 0.8421875 0.6333910981683528 0.84375 0.6255785981683528 0.8375 0.6130785981683529 0.7406249999999999 0.6287035981683529 0.7359374999999999 0.6302660981683529 0.7281249999999999 0.6115160981683528 0.6890624999999999 0.5287035981683529 0.6906249999999999 0.5287035981683529 0.73125 0.5380785981683529 0.7390625 0.5380785981683529 0.7593749999999999 0.5287035981683529 0.81875 0.5224535981683529 0.8234375 0.47870359816835284 0.8234375 0.46776609816835285 0.8171875 0.45995359816835285 0.7578124999999999 0.45995359816835285 0.7390625 0.46776609816835285 0.7281249999999999 0.46464109816835286 0.6890624999999999 0.42557859816835286 0.6937499999999999 0.38651609816835286 0.6890624999999999 0.3677660981683529 0.7234375 0.3677660981683529 0.7359374999999999 0.3833910981683529 0.7421874999999999 0.3755785981683529 0.81875 0.37089109816835286 0.8234375 0.32714109816835285 0.8234375 0.3208910981683529 0.815625 0.30682859816835284 0.7281249999999999 0.3177660981683529 0.6906249999999999 0.30370359816835285 0.6874999999999999 0.22557859816835285 0.6937499999999999 0.20370359816835287 0.7265624999999999 0.20370359816835287 0.7359374999999999 0.21464109816835286 0.7421874999999999 0.20370359816835287 0.8421875 0.19745359816835287 0.8484375 0.15526609816835285 0.846875 0.15995359816835286 0.6109374999999999 0.4740160981683529 0.6109374999999999
14 0.2765625 0.5109375 0.74375 0.515625 0.871875 0.5734375 0.878125 0.58125 0.878125 0.596875 0.8734375 0.603125 0.8390625 0.60625 0.1953125 0.6109375 0.1328125 0.609375 0.121875 0.6 0.1234375 0.5796875 0.2375 0.521875
1 0.175 0.3390625 0.253125 0.34375 0.2515625 0.5171875 0.1609375 0.565625 0.128125 0.5765625 0.13125 0.346875
4 0.49640625 0.454984375 0.014624999999999999 0.15946875
3 0.6859375 0.38125 0.7640625 0.384375 0.759375 0.5203125 0.6734375 0.515625 0.66875 0.3859375
5 0.5037618064953884 0.4832752927118774 0.5146993064953883 0.4864002927118774 0.5115743064953884 0.4989002927118774 0.5021993064953884 0.49577529271187737
5 0.425 0.4796875 0.4890625 0.4828125 0.4953125 0.490625 0.4921875 0.4984375 0.4109375 0.4984375 0.4109375 0.4890625
10 0.415625 0.178125 0.5125 0.178125 0.5125 0.2484375 0.415625 0.2484375 0.4109375 0.2078125 0.4109375 0.18125
10 0.671875 0.1609375 0.76875 0.1625 0.7734375 0.303125 0.759375 0.365625 0.671875 0.3671875 0.665625 0.359375
10 0.1359375 0.1609375 0.2546875 0.1640625 0.25625 0.34375 0.1328125 0.34375 0.13125 0.1640625
7 0.3078125 0.1765625 0.4125 0.178125 0.4078125 0.3171875 0.4125 0.41875 0.4078125 0.421875 0.271875 0.41875 0.271875 0.1796875
7 0.5703125 0.1765625 0.6359375 0.1765625 0.65 0.178125 0.653125 0.184375 0.6546875 0.41875 0.65 0.421875 0.5140625 0.4234375 0.5125 0.178125