9 0.4765625 0.5046875 0.4890625 0.50625 0.475 0.53125 0.490625 0.5375 0.4984375 0.5609375 0.48125 0.559375 0.4078125 0.5828125 0.4078125 0.521875
12 0.4578125 0.496875 0.48125 0.5 0.4859375 0.5078125 0.43125 0.525 0.4078125 0.525 0.4 0.5140625 0.4 0.50625 0.4109375 0.5015625
9 0.3953125 0.615625 0.565625 0.759375 0.578125 0.7578125 0.6578125 0.6890625 0.675 0.684375 0.6640625 0.8796875 0.6546875 0.925 0.6078125 1 0.546875 1 0.534375 0.990625 0.509375 0.940625 0.453125 0.8609375 0.4234375 0.8015625 0.40625 0.7828125 0.3984375 0.7515625
12 0.4109375 0.58125 0.4203125 0.58125 0.4296875 0.596875 0.4578125 0.5984375 0.4859375 0.6125 0.4953125 0.621875 0.5 0.6484375 0.509375 0.6546875 0.51875 0.65 0.5265625 0.61875 0.525 0.584375 0.5359375 0.58125 0.68125 0.646875 0.6859375 0.6609375 0.5796875 0.7546875 0.565625 0.7578125 0.3890625 0.6078125 0.384375 0.5921875
12 0.2890625 0.525 0.3078125 0.5328125 0.3125 0.54375 0.140625 0.584375 0.1015625 0.7640625 0.0859375 0.8734375 0.05625 0.996875 0.0078125 1 0.059375 0.8359375 0.0578125 0.8265625 0.04375 0.81875 0.0640625 0.79375 0.0984375 0.6546875 0 0.68125 0 0.615625 0.0546875 0.6015625 0.0828125 0.578125 0.090625 0.5640625 0.1375 0.5609375 0.1765625 0.5453125
4 0.0921875 0.653125 0.103125 0.653125 0.103125 0.6609375 0.065625 0.7890625 0.0421875 0.8109375 0.0296875 0.8125 0.0265625 0.7984375 0.0375 0.7640625 0.0359375 0.7453125 0.025 0.7171875 0.009375 0.7078125 0 0.7109375 0 0.6796875
3 0.3421875 0.4734375 0.38125 0.475 0.3859375 0.50625 0.40625 0.51875 0.4109375 0.528125 0.4125 0.58125 0.384375 0.59375 0.3921875 0.609375 0.3921875 0.6640625 0.3234375 0.6890625 0.3125 0.5390625 0.2953125 0.5234375 0.290625 0.484375
9 0.1171875 0.2265625 0.475 0.290625 0.48125 0.33125 0.478125 0.434375 0.3875 0.44375 0.38125 0.3734375 0.2953125 0.371875 0.2921875 0.4515625 0.128125 0.4625 0.109375 0.25 0.109375 0.2359375
2 0.290625 0.3703125 0.384375 0.3734375 0.3890625 0.440625 0.2921875 0.446875
1 0.6703125 0.3625 0.7515625 0.378125 0.7328125 0.65625 0.7234375 0.671875 0.7203125 0.7 0.6796875 0.7421875 0.6734375 0.7421875 0.671875 0.734375 0.671875 0.678125 0.6859375 0.6625 0.684375 0.65 0.5609375 0.590625 0.5625 0.3765625
9 0.3009313019981602 0.5440503380585164 0.3087438019981602 0.5471753380585164 0.3134313019981602 0.5674878380585164 0.31968130199816025 0.6815503380585164 0.16499380199816022 0.7409253380585163 0.15774328500748885 0.7468088770498735 0.1571120870056491 0.7979283857344639 0.15093130199816024 0.9018628380585163 0.15093130199816024 0.9643628380585163 0.14468130199816023 0.9987378380585163 0.11811880199816023 0.9987378380585163 0.11968130199816022 0.9112378380585163 0.11343130199816023 0.8753003380585163 0.09624380199816022 0.8424878380585163 0.09468130199816023 0.7878003380585163 0.13530630199816024 0.5878003380585164 0.14311880199816024 0.5799878380585164 0.22280630199816023 0.5659253380585164
0 0.090625 0.828125 0.1 0.83125 0.1203125 0.8890625 0.1234375 0.9890625 0.1203125 1 0.0546875 1
9 0.5328125 0.51875 0.5609375 0.525 0.5578125 0.590625 0.521875 0.575 0.525 0.5484375 0.5375 0.5375
7 0.00625 0.1953125 0.0375 0.196875 0.0765625 0.2125 0.0859375 0.221875 0.1125 0.403125 0.1171875 0.4609375 0.1125 0.46875 0.046875 0.4703125 0 0.2296875 0 0.1984375
9 0 0.20625 0 0.4765625 0.0390625 0.478125 0.0484375 0.4734375 0.046875 0.4015625 0.03125 0.3546875 0.0125 0.2359375
9 0.7390625 0.203125 0.7484375 0.2078125 0.75625 0.2328125 0.7515625 0.35 0.6421875 0.359375 0.565625 0.375 0.5625 0.4359375 0.521875 0.4375 0.5125 0.396875 0.5125 0.2921875 0.5484375 0.2734375 0.7125 0.2171875
7 0.4859375 0.2875 0.51875 0.2953125 0.5140625 0.353125 0.51875 0.4359375 0.5140625 0.4390625 0.4765625 0.4375 0.48125 0.36875 0.4765625 0.290625