12 0.553125 0.6296875 0.853125 0.6609375 0.9234375 0.678125 0.93125 0.69375 0.896875 0.709375 0.6609375 0.7796875 0.5703125 0.7953125 0.328125 0.8546875 0.290625 0.86875 0.2140625 0.8796875 0.19375 0.8921875 0 0.9390625 0 0.7296875 0.1703125 0.7015625 0.2421875 0.6953125
9 0.2671875 0.6203125 0.4359375 0.63125 0.4828125 0.6453125 0.271875 0.6875
9 0 0.6 0 0.7328125 0.109375 0.7140625 0.1125 0.6578125 0.1078125 0.609375 0.1015625 0.6046875
0 0.10625 0.6015625 0.2375 0.6046875 0.2453125 0.615625 0.2625 0.6203125 0.26875 0.6875 0.21875 0.7 0.16875 0.7015625 0.109375 0.7125
12 0.1171875 0.5484375 0.215625 0.553125 0.228125 0.5609375 0.2375 0.5546875 0.290625 0.5546875 0.40625 0.5625 0.4234375 0.5734375 0.3375 0.5921875 0.3359375 0.596875 0.4703125 0.6203125 0.659375 0.625 0.7296875 0.6046875 0.7375 0.6046875 0.7390625 0.6109375 0.73125 0.628125 0.715625 0.6359375 0.625 0.6390625 0.496875 0.625 0.2515625 0.6109375 0.2234375 0.6 0 0.59375 0 0.5703125 0.096875 0.5640625
4 0.6015625 0.4703125 0.615625 0.4703125 0.628125 0.4828125 0.6265625 0.4890625 0.6078125 0.49375 0.6046875 0.5 0.6046875 0.5375 0.6234375 0.5515625 0.621875 0.559375 0.609375 0.5671875 0.6140625 0.584375 0.7171875 0.5921875 0.73125 0.5953125 0.7328125 0.6015625 0.6859375 0.6171875 0.5859375 0.6265625 0.446875 0.6171875 0.35 0.60625 0.3328125 0.5984375 0.3390625 0.590625 0.4421875 0.5734375 0.58125 0.5828125 0.5828125 0.5640625 0.546875 0.55625 0.540625 0.5390625 0.5515625 0.521875 0.5625 0.5234375 0.5546875 0.53125 0.55625 0.5390625 0.5875 0.5390625 0.590625 0.4859375
12 0.778125 0.5828125 1 0.59375 1 0.6421875 0.7671875 0.6328125 0.7609375 0.6234375 0.7640625 0.59375
9 0.7265625 0 1 0 1 0.4359375 0.75625 0.4328125 0.7296875 0.4046875
9 0.0484375 0 0.3359375 0 0.334375 0.071875 0.3578125 0.3140625 0.3578125 0.409375 0.0875 0.4171875 0.075 0.4078125 0.0609375 0.184375 0.0515625 0.128125
7 0 0 0 0.4203125 0.06875 0.41875 0.0765625 0.4078125 0.0703125 0.3921875 0.05625 0.246875 0.0453125 0
7 0.3328125 0 0.35 0.2171875 0.3578125 0.2515625 0.3828125 0.246875 0.440625 0.1953125 0.465625 0.1953125 0.478125 0.2015625 0.525 0.2453125 0.728125 0.2375 0.71875 0.1578125 0.7234375 0