12 0.56875 0.5484375 0.5796875 0.5484375 0.6375 0.575 0.696875 0.60625 0.7015625 0.6171875 0.628125 0.6234375 0.4765625 0.6484375 0.43125 0.5625 0.434375 0.55625 0.534375 0.55 0.5328125 0.5671875 0.5171875 0.58125 0.5265625 0.5890625 0.5515625 0.5921875 0.5734375 0.5859375 0.55625 0.5625 0.55625 0.5515625
10 0.4939232945050594 0.5265625 0.5579857945050594 0.5265625 0.5626732945050594 0.5421875 0.5564232945050593 0.5484375000000001 0.4392357945050594 0.5609375000000001 0.4376732945050594 0.5734375 0.4548607945050594 0.6156250000000001 0.4282982945050594 0.6250000000000001 0.4111107945050594 0.6234375000000001 0.4064232945050594 0.6140625000000001 0.4048607945050594 0.534375 0.40954829450505936 0.5296875000000001
12 0.5203125 0.509375 0.54375 0.5125 0.559375 0.5234375 0.3703125 0.5296875 0.3828125 0.521875 0.50625 0.5203125
10 0.6453125 0.534375 0.8171875 0.5953125 0.815625 0.65625 0.8015625 0.7375 0.6953125 0.6671875 0.7015625 0.6125 0.640625 0.5765625 0.6375 0.5484375
12 0.653125 0.5203125 0.684375 0.5234375 0.7109375 0.5375 0.771875 0.546875 0.775 0.565625 0.771875 0.5703125 0.759375 0.56875 0.6546875 0.5359375 0.646875 0.5296875
4 0.453125 0.4703125 0.4640625 0.471875 0.46875 0.5109375 0.4796875 0.521875 0.4296875 0.5265625 0.4234375 0.515625 0.4359375 0.5109375
10 0.9984375 0.18125 1 0.3734375 0.8421875 0.3890625 0.8375 0.35625 0.7734375 0.365625 0.7609375 0.4828125 0.6453125 0.471875 0.640625 0.4171875 0.5796875 0.41875 0.5765625 0.46875 0.490625 0.4640625 0.4890625 0.35625 0.5 0.321875 0.5796875 0.3296875 0.659375 0.3203125 0.7890625 0.271875 0.8421875 0.25 0.8640625 0.234375
2 0.578125 0.415625 0.6421875 0.415625 0.64375 0.4625 0.578125 0.4625
3 0.5984375 0.478125 0.628125 0.478125 0.6390625 0.4890625 0.634375 0.5734375 0.56875 0.5484375 0.565625 0.515625 0.5765625 0.509375 0.58125 0.490625
1 0.9984375 0.3828125 1 0.928125 0.909375 0.865625 0.8046875 0.7828125 0.8390625 0.396875 0.84375 0.3921875 0.9390625 0.3953125
0 0.365625 0.5375 0.4015625 0.5421875 0.4015625 0.578125 0.3984375 0.584375 0.3859375 0.5859375 0.371875 0.6046875 0.375 0.640625 0.340625 0.6453125 0.3375 0.54375
10 0.328125 0.3046875 0.375 0.30625 0.4109375 0.315625 0.409375 0.4515625 0.403125 0.4640625 0.3265625 0.4640625 0.321875 0.3234375