14 0.196875 0.6390625 0.2140625 0.6390625 0.3234375 0.7015625 0.4375 0.7109375 0.559375 0.7140625 0.646875 0.671875 0.6671875 0.66875 0.8265625 0.728125 0.83125 0.7828125 0.81875 0.8203125 0.753125 0.8703125 0.7203125 0.8859375 0.6546875 0.903125 0.5453125 0.9140625 0.4265625 0.9140625 0.2734375 0.8921875 0.1703125 0.859375 0.140625 0.8375 0.1125 0.8265625 0.05625 0.7859375 0.021875 0.7421875 0.0234375 0.6796875
4 0.4390625 0.61875 0.446875 0.621875 0.4453125 0.7296875 0.5375 0.7375 0.5484375 0.7859375 0.4453125 0.78125 0.4421875 0.7953125 0.4328125 0.796875 0.4265625 0.7796875 0.321875 0.7734375 0.340625 0.7265625 0.4328125 0.7296875 0.4359375 0.6796875 0.43125 0.6703125
10 0.4140625 0.5515625 0.4515625 0.559375 0.459375 0.5671875 0.453125 0.615625 0.4578125 0.6375 0.45625 0.7078125 0.34375 0.703125 0.3390625 0.6921875 0.3453125 0.5703125 0.35625 0.5609375
14 0.39375 0.53125 0.459375 0.534375 0.4609375 0.55625 0.4078125 0.55 0.3484375 0.5578125 0.3203125 0.54375 0.3328125 0.5359375 0.3765625 0.5375
10 0.571875 0.596875 0.6078125 0.6109375 0.6890625 0.6171875 0.6921875 0.634375 0.6859375 0.675 0.65625 0.6703125 0.5625 0.7109375 0.5609375 0.6609375
14 0.60625 0.5796875 0.621875 0.5796875 0.6296875 0.5890625 0.6625 0.5953125 0.6859375 0.5953125 0.6921875 0.5890625 0.6921875 0.6140625 0.6265625 0.6125 0.56875 0.596875 0.575 0.5875
10 0.2296875 0.5859375 0.240625 0.596875 0.240625 0.640625 0.234375 0.6515625 0.2046875 0.640625 0.0703125 0.6703125 0.05625 0.665625 0.053125 0.609375 0.059375 0.603125 0.0875 0.60625
14 0.1734375 0.5609375 0.20625 0.5609375 0.2359375 0.5765625 0.078125 0.6078125 0.0578125 0.6015625 0.090625 0.5953125 0.0953125 0.58125 0.11875 0.5703125
7 0.990625 0.2875 1 0.2875 1 0.5578125 0.9015625 0.528125 0.925 0.29375 0.9328125 0.2890625
10 0.8924703468963863 0.6311685387492909 0.9046874999999999 0.6413963741509053 0.9999999999999998 0.6992088741509053 0.9937499999999998 0.8617088741509054 0.9765624999999998 0.9226463741509054 0.8781249999999998 0.8195213741509054 0.8859374999999998 0.6632713741509053
3 0.2765625 0.5390625 0.3015625 0.5390625 0.340625 0.5515625 0.3484375 0.559375 0.3390625 0.7015625 0.3015625 0.6921875 0.2375 0.6546875 0.2359375 0.575 0.1921875 0.5546875 0.196875 0.5484375
1 0.4703125 0.39375 0.578125 0.403125 0.609375 0.4140625 0.60625 0.478125 0.6265625 0.4875 0.625 0.553125 0.6171875 0.5578125 0.615625 0.578125 0.5703125 0.59375 0.565625 0.7109375 0.559375 0.715625 0.453125 0.7078125
10 0.0546875 0.2125 0.4265625 0.284375 0.6515625 0.278125 0.65625 0.28125 0.65625 0.321875 0.65 0.484375 0.63125 0.4875 0.603125 0.48125 0.6078125 0.415625 0.584375 0.4046875 0.475 0.3953125 0.4671875 0.3984375 0.4640625 0.45625 0.3265625 0.453125 0.321875 0.45 0.321875 0.3671875 0.23125 0.359375 0.2171875 0.3640625 0.2125 0.45625 0.0609375 0.4671875 0.0546875 0.4625
2 0.2234375 0.3578125 0.325 0.365625 0.33125 0.38125 0.325 0.446875 0.3171875 0.453125 0.225 0.453125 0.215625 0.4484375 0.2140625 0.365625