13 0.40625 0.434375 0.4265625 0.4390625 0.425 0.45625 0.40625 0.475 0.221875 0.478125 0.18125 0.5 0.0875 0.496875 0.0953125 0.4875 0.1171875 0.4828125 0.1421875 0.4671875 0.246875 0.4484375 0.38125 0.446875
13 0.678125 0.4296875 0.6875 0.4328125 0.6859375 0.45 0.6828125 0.45625 0.6625 0.45625 0.665625 0.4796875 0.721875 0.55625 0.75 0.559375 0.7515625 0.578125 0.7703125 0.5828125 0.7515625 0.5921875 0.8015625 0.59375 0.803125 0.5890625 0.7875 0.584375 0.7890625 0.559375 0.8359375 0.559375 0.85625 0.58125 0.8140625 0.5734375 0.8109375 0.5921875 0.8515625 0.6 0.85625 0.5984375 0.85625 0.5828125 0.8625 0.58125 0.896875 0.590625 0.909375 0.6171875 0.9328125 0.621875 0.946875 0.5671875 1 0.6015625 1 0.634375 0.871875 0.634375 0.8484375 0.61875 0.75 0.621875 0.69375 0.54375 0.6609375 0.484375 0.6265625 0.4421875 0.640625 0.4328125
4 0.828125 0.409375 0.8453125 0.4109375 0.88125 0.44375 0.875 0.54375 0.8421875 0.55 0.8359375 0.5578125 0.79375 0.5578125 0.778125 0.54375 0.7796875 0.53125 0.7703125 0.5296875 0.765625 0.546875 0.7515625 0.559375 0.721875 0.5546875 0.6765625 0.484375 0.8125 0.475 0.8171875 0.459375 0.7984375 0.4609375 0.790625 0.45 0.815625 0.4390625 0.840625 0.4421875 0.859375 0.453125 0.8546875 0.428125 0.828125 0.4171875
3 0.0078125 0.4140625 0.025 0.41875 0.034375 0.45 0.034375 0.49375 0.0421875 0.50625 0.0796875 0.5 0.1703125 0.5 0.1828125 0.5265625 0.2015625 0.784375 0.096875 0.9375 0.0875 0.94375 0.0609375 0.94375 0.053125 0.9375 0.065625 0.9140625 0.065625 0.8984375 0.03125 0.64375 0.0328125 0.584375 0.0296875 0.5765625 0 0.575 0 0.415625
6 0 0.04375 0 0.184375 0.0515625 0.1921875 0.065625 0.2 0.08125 0.34375 0.1625 0.3328125 0.39375 0.3296875 0.4109375 0.3234375 0.409375 0.115625 0.4 0.1046875 0.15 0.109375
2 0 0.18125 0 0.3515625 0.078125 0.34375 0.06875 0.1953125
6 0.7609375 0.0421875 0.7671875 0.05 0.7625 0.31875 0.7484375 0.328125 0.7015625 0.321875 0.6921875 0.3109375 0.6953125 0.1078125
6 0.01875 0.603125 0.028125 0.60625 0.03125 0.6171875 0.065625 0.9125 0.0125 0.996875 0 1 0 0.615625
6 0.6609375 0.5109375 0.671875 0.5140625 0.684375 0.53125 0.7109375 0.584375 0.803125 0.73125 0.796875 1 0.7296875 1 0.7109375 0.9390625 0.65625 0.7375
6 0.3859375 0.478125 0.403125 0.48125 0.4078125 0.7078125 0.2296875 0.7125 0.203125 0.7375 0.196875 0.71875 0.1796875 0.503125 0.21875 0.48125
0 0.63125 0.4609375 0.640625 0.465625 0.6609375 0.5015625 0.6546875 0.734375 0.646875 0.725 0.625 0.634375 0.6265625 0.48125
13 0.8859375 0.6328125 1 0.6375 1 0.7828125 0.9125 0.7828125 0.86875 0.7765625 0.8296875 0.759375 0.8109375 0.7328125 0.8015625 0.73125 0.771875 0.678125 0.7703125 0.6359375
13 0.771875 0.634375 1 0.6375 1 0.7828125 0.8828125 0.7796875 0.8328125 0.7609375 0.8109375 0.7328125 0.8 0.728125 0.7703125 0.6765625
13 0.8828125 0.4453125 0.9234375 0.4578125 0.9609375 0.4578125 1 0.4734375 1 0.55625 0.8796875 0.4859375