12 0.68125 0.76875 0.996875 0.8671875 1 0.8984375 0.9578125 0.884375 0.9203125 0.8859375 0.9078125 0.9125 0.9 0.9546875 0.9015625 0.978125 0.9109375 1 0.846875 1 0.846875 0.9265625 0.85625 0.871875 0.840625 0.8375 0.834375 0.8359375 0.8203125 0.865625 0.815625 0.9890625 0.821875 1 0.7015625 1 0.7046875 0.96875 0.7 0.946875 0.7125 0.9171875 0.715625 0.8796875 0.7140625 0.8109375 0.7078125 0.79375 0.675 0.7859375 0.675 0.7734375
12 0.475 0.6125 0.578125 0.6328125 0.5890625 0.6421875 0.5046875 0.684375 0.471875 0.690625 0.4296875 0.721875 0.39375 0.7265625 0.38125 0.703125 0.3515625 0.703125 0.3453125 0.7703125 0.3265625 0.8 0.3640625 0.8125 0.3921875 0.809375 0.4015625 0.8421875 0.3921875 0.8578125 0.3734375 0.865625 0.3765625 0.8921875 0.4 0.903125 0.4171875 0.921875 0.453125 0.9234375 0.4859375 0.8953125 0.503125 0.8484375 0.540625 0.8734375 0.571875 0.8609375 0.5734375 0.85 0.5625 0.8375 0.5640625 0.7734375 0.5578125 0.7328125 0.5734375 0.73125 0.6078125 0.7421875 0.6046875 0.821875 0.6203125 0.9296875 0.6140625 0.978125 0.6265625 1 0.36875 1 0.1921875 0.875 0.071875 0.80625 0.05625 0.7875 0.0265625 0.7734375 0.0078125 0.7515625 0.0125 0.71875 0.1125 0.675 0.13125 0.6765625 0.13125 0.6875 0.1171875 0.6984375 0.1171875 0.7046875 0.15625 0.70625 0.1828125 0.6953125 0.1984375 0.6546875 0.2109375 0.6484375 0.328125 0.615625 0.3390625 0.6203125 0.3328125 0.6328125 0.3375 0.64375 0.375 0.64375 0.390625 0.6265625 0.446875 0.63125 0.4625 0.6265625
9 0.5546875 0.584375 0.6828125 0.609375 0.6859375 0.63125 0.6984375 0.6375 1 0.696875 1 0.86875 0.68125 0.76875 0.6765625 0.7640625 0.6765625 0.675 0.6515625 0.659375 0.615625 0.6640625 0.609375 0.6703125 0.6046875 0.740625 0.5625 0.728125 0.5609375 0.68125 0.5515625 0.6703125 0.578125 0.65625 0.5921875 0.640625 0.5515625 0.625
6 0.6921875 0.5984375 1 0.646875 1 0.6984375 0.6984375 0.6375 0.690625 0.63125
12 0.7484375 0.5765625 0.78125 0.578125 0.7859375 0.5890625 0.8 0.59375 0.8203125 0.59375 0.8296875 0.5859375 0.8421875 0.5890625 0.8453125 0.59375 0.834375 0.603125 0.8359375 0.609375 0.996875 0.6359375 1 0.65 0.69375 0.59375 0.696875 0.584375 0.7125 0.578125
9 0.9984375 0.1546875 1 0.35 0.853125 0.35 0.846875 0.3796875 0.8453125 0.4765625 0.7203125 0.471875 0.715625 0.5515625 0.6890625 0.5703125 0.6890625 0.4265625 0.621875 0.41875 0.5578125 0.421875 0.5546875 0.4171875 0.5578125 0.2265625 0.55 0.209375 0.5578125 0.203125 0.6734375 0.1828125 0.7203125 0.18125 0.7359375 0.1921875 0.7484375 0.1921875
3 0.6 0.4109375 0.684375 0.415625 0.69375 0.425 0.68125 0.603125 0.6296875 0.6015625 0.5609375 0.5828125 0.5578125 0.4234375 0.565625 0.4125
2 0.8609375 0.3453125 1 0.346875 1 0.4828125 0.859375 0.4703125 0.85 0.4484375 0.846875 0.3828125 0.8484375 0.35625
4 0.9328125 0.8875 0.959375 0.89375 1 0.9140625 1 1 0.909375 1 0.8984375 0.9765625 0.9015625 0.9375 0.9171875 0.896875
9 0.0296875 0.7875 0.1390625 0.8515625 0.221875 0.915625 0.334375 0.9734375 0.3625 1 0.0296875 1 0.0234375 0.8265625
5 0.8546875 0.5859375 1 0.603125 1 0.634375 0.8515625 0.609375 0.846875 0.5953125