8 0.5671875 0.6765625 0.653125 0.6796875 0.740625 0.70625 0.746875 0.721875 0.7484375 0.7609375 0.75625 0.7765625 0.996875 0.903125 1 1 0.98125 1 0.9296875 0.9578125 0.646875 0.7703125 0.5609375 0.7390625 0.53125 0.7359375 0.4171875 0.75 0.346875 0.778125 0.328125 0.8046875 0.334375 0.840625 0.33125 0.89375 0.1625 1 0 1 0 0.8171875 0.3671875 0.6953125
14 0.653125 0.659375 0.6890625 0.6609375 0.70625 0.678125 0.7453125 0.6859375 0.75 0.7015625 0.73125 0.7015625 0.6828125 0.6828125 0.640625 0.6765625 0.3796875 0.690625 0 0.81875 0.0015625 0.75 0.1875 0.7 0.2421875 0.696875 0.33125 0.6703125 0.371875 0.6703125 0.390625 0.678125 0.4703125 0.6765625 0.6265625 0.66875
14 0.5109375 0.734375 0.5546875 0.7375 0.64375 0.765625 0.9515625 0.9703125 0.9875 1 0.3765625 1 0.334375 0.8140625 0.3359375 0.7921875 0.359375 0.7703125 0.39375 0.7546875
8 0.7921875 0.36875 0.8015625 0.375 0.8 0.5484375 0.7859375 0.5859375 0.73125 0.5875 0.621875 0.578125 0.58125 0.58125 0.56875 0.575 0.5703125 0.396875 0.725 0.3875
8 0 0.28125 0 0.6234375 0.15 0.6046875 0.15 0.4671875 0.25 0.4765625 0.25 0.5953125 0.3609375 0.58125 0.3640625 0.378125
2 0.15 0.4671875 0.2328125 0.471875 0.2484375 0.4796875 0.25 0.5703125 0.24375 0.5921875 0.15625 0.6015625 0.1453125 0.5953125 0.14375 0.478125
4 0.6015625 0.69375 0.625 0.69375 0.628125 0.70625 0.603125 0.70625 0.56875 0.725 0.559375 0.7546875 0.5640625 0.825 0.546875 0.825 0.540625 0.78125 0.5546875 0.728125 0.571875 0.7078125
4 0.5859375 0.784375 0.61875 0.784375 0.6703125 0.8046875 0.6796875 0.8171875 0.68125 0.8375 0.6265625 0.8453125 0.575 0.825 0.5671875 0.81875 0.5703125 0.8015625 0.565625 0.790625
5 0.525 0.6515625 0.553125 0.6515625 0.5703125 0.665625 0.4140625 0.675 0.403125 0.659375 0.41875 0.653125 0.478125 0.6578125
7 0.2375 0.5953125 0.253125 0.5984375 0.2515625 0.640625 0.2203125 0.6421875 0.203125 0.6578125 0.19375 0.6765625 0.1984375 0.6984375 0 0.753125 0 0.6234375
3 0.85 0.6203125 0.9484375 0.6328125 0.99375 0.646875 0.9890625 0.8796875 0.85 0.8171875
3 0.7546875 0.596875 0.821875 0.609375 0.846875 0.6203125 0.84375 0.809375 0.7515625 0.765625 0.7484375 0.63125 0.75 0.6