1 0.7078125 0.3640625 0.8140625 0.36875 0.8125 0.4734375 0.825 0.525 0.8234375 0.5546875 0.8078125 0.5625 0.8046875 0.5765625 0.778125 0.58125 0.771875 0.60625 0.7515625 0.6046875 0.7453125 0.6125 0.7421875 0.825 0.753125 0.85 0.728125 0.8546875 0.70625 0.8484375 0.659375 0.771875 0.6484375 0.7421875 0.65 0.38125 0.659375 0.371875 0.684375 0.371875
6 0.746875 0.6203125 0.825 0.6671875 0.8328125 0.6796875 0.8265625 0.703125 0.8234375 0.8875 0.8171875 0.925 0.8015625 0.9234375 0.7421875 0.8265625
13 0.2328125 0.6265625 0.2515625 0.6296875 0.2484375 0.6546875 0.30625 0.6484375 0.309375 0.653125 0.140625 1 0 1 0 0.9890625 0.1296875 0.975 0.15625 0.9453125 0.2046875 0.8234375 0.265625 0.703125 0.2640625 0.6984375 0.2390625 0.696875 0.18125 0.7015625 0.2 0.6421875 0.2203125 0.6390625
6 0.3203125 0.6171875 0.3265625 0.6234375 0.3265625 0.8625 0.296875 0.9953125 0.2953125 1 0.2140625 1 0.209375 0.8765625 0.26875 0.7421875 0.284375 0.6890625
6 0.9171875 0.2140625 0.9234375 0.21875 0.9234375 0.25625 0.9140625 0.4859375 0.909375 0.4921875 0.896875 0.4921875 0.8171875 0.478125 0.8109375 0.46875 0.8125 0.359375 0.8 0.3546875 0.75 0.36875 0.734375 0.365625 0.73125 0.290625 0.7359375 0.284375
3 0.8953125 0.6671875 0.9328125 0.66875 0.9453125 0.684375 0.9953125 0.703125 0.984375 0.9109375 0.9421875 0.9203125 0.8234375 0.9265625 0.828125 0.6859375 0.8390625 0.66875
0 0.2046875 0.8890625 0.215625 0.896875 0.215625 1 0.1421875 1 0.1546875 0.9953125 0.165625 0.9765625
4 0.1078125 0.6125 0.1125 0.6140625 0.1078125 0.621875 0.084375 0.6328125 0.0828125 0.6546875 0.103125 0.64375 0.1234375 0.6421875 0.14375 0.65 0.15 0.6625 0.13125 0.6703125 0.1125 0.6578125 0.096875 0.659375 0.0796875 0.690625 0.078125 0.7109375 0.084375 0.728125 0.0984375 0.71875 0.0890625 0.7140625 0.0984375 0.7109375 0.0984375 0.6921875 0.1140625 0.6796875 0.125 0.6859375 0.1109375 0.6875 0.109375 0.7015625 0.121875 0.7046875 0.1109375 0.7140625 0.165625 0.703125 0.2671875 0.7 0.2 0.8328125 0.1875 0.8390625 0.15 0.8390625 0.1328125 0.8515625 0.1203125 0.853125 0.1078125 0.8484375 0.1140625 0.7796875 0.096875 0.775 0.078125 0.734375 0.065625 0.73125 0.0625 0.6765625 0.0640625 0.6421875 0.0828125 0.6234375
13 0.746875 0.6046875 0.7609375 0.6046875 0.79375 0.621875 0.865625 0.6234375 0.9015625 0.6375 0.90625 0.6546875 0.91875 0.665625 0.81875 0.6671875 0.7453125 0.6203125
13 0.959375 0.915625 0.9875 0.91875 0.98125 1 0.803125 1 0.775 0.95 0.778125 0.9359375 0.7953125 0.928125
13 0.1546875 0.6546875 0.175 0.6578125 0.1546875 0.675 0.1046875 0.6859375 0.096875 0.69375 0.0953125 0.7078125 0.0859375 0.709375 0.0875 0.6765625 0.096875 0.6609375 0.1125 0.6578125 0.1265625 0.665625 0.14375 0.665625
13 0.3078125 0.56875 0.3421875 0.56875 0.346875 0.5734375 0.34375 0.5921875 0.3359375 0.59375 0.334375 0.5859375 0.2484375 0.5890625 0.24375 0.6015625 0.2046875 0.609375 0.19375 0.5890625 0.19375 0.5796875 0.2 0.578125
13 0.1078125 0.5953125 0.1328125 0.5953125 0.1390625 0.6125 0.0875 0.653125 0.08125 0.6515625 0.078125 0.63125 0.0625 0.646875 0.0625 0.6703125 0 0.7125 0 0.646875 0.08125 0.6015625