10 0.340625 0.5125 0.3546875 0.54375 0.3828125 0.5609375 0.4078125 0.5921875 0.4234375 0.65625 0.4125 0.7015625 0.4109375 0.85 0.4171875 0.925 0.4078125 0.928125 0.3890625 0.9234375 0.3796875 0.8890625 0.365625 0.8734375 0.3671875 0.8609375 0.3484375 0.8375 0.3484375 0.8109375 0.33125 0.7484375 0.3234375 0.55625
13 0.3984375 0.4875 0.4203125 0.4875 0.4265625 0.4953125 0.3984375 0.5109375 0.3421875 0.5046875 0.328125 0.4953125 0.334375 0.490625
6 0.9171875 0.5 1 0.5078125 1 0.7171875 0.9859375 0.7078125 0.8953125 0.6953125 0.9140625 0.575 0.9125 0.5453125 0.8171875 0.5578125 0.7953125 0.5390625 0.759375 0.5234375 0.759375 0.51875 0.859375 0.5125
13 0.9203125 0.4515625 1 0.4703125 1 0.49375 0.859375 0.484375 0.8140625 0.46875 0.840625 0.459375
13 0.565625 0.475 0.590625 0.478125 0.5890625 0.6234375 0.521875 0.615625 0.440625 0.5953125 0.4046875 0.578125 0.384375 0.5546875 0.390625 0.54375 0.425 0.571875 0.565625 0.5578125 0.5703125 0.5515625 0.5515625 0.534375 0.55 0.5078125 0.5375 0.4828125
13 0.6609375 0.4765625 0.715625 0.496875 0.7125 0.50625 0.7171875 0.509375 0.7984375 0.540625 0.8140625 0.55625 0.81875 0.5734375 0.8 0.5734375 0.7890625 0.5625 0.7625 0.5578125 0.7453125 0.5578125 0.7078125 0.575 0.6796875 0.571875 0.6734375 0.5796875 0.6734375 0.596875 0.6796875 0.6015625 0.6984375 0.603125 0.7046875 0.590625 0.71875 0.5890625 0.7734375 0.6140625 0.734375 0.625 0.65 0.628125
4 0.7515625 0.375 0.7609375 0.38125 0.765625 0.4078125 0.75 0.4109375 0.7515625 0.434375 0.7421875 0.4671875 0.7703125 0.4671875 0.778125 0.4546875 0.7890625 0.4546875 0.7953125 0.4671875 0.859375 0.4890625 0.7359375 0.4953125 0.684375 0.478125 0.728125 0.4640625 0.734375 0.4515625 0.7390625 0.390625
4 0.4578125 0.4640625 0.5015625 0.4703125 0.509375 0.4765625 0.525 0.496875 0.5296875 0.528125 0.5375 0.521875 0.5375 0.5015625 0.546875 0.5015625 0.5515625 0.5359375 0.5734375 0.5546875 0.425 0.5703125 0.371875 0.5171875 0.4015625 0.515625 0.4078125 0.50625 0.421875 0.50625 0.4265625 0.496875 0.4421875 0.4921875 0.471875 0.49375 0.478125 0.50625 0.4984375 0.509375 0.4921875 0.4921875 0.459375 0.4734375
6 0.9265625 0.15 0.965625 0.159375 1 0.159375 1 0.3859375 0.9078125 0.3828125 0.9 0.375 0.91875 0.159375
6 0.006100647722958996 0 0.093600647722959 0 0.102975647722959 0.2078125 0.12172564772295899 0.3796875 0.134225647722959 0.6328125 0.135788147722959 0.9515625 0.132663147722959 0.9859375 0.123288147722959 1 0.115475647722959 1 0.110788147722959 0.9359375 0.09828814772295899 0.578125 0.084225647722959 0.3609375 0.07485064772295899 0.334375 0.035788147722959 0.3484375 0.017038147722958995 0.340625
6 0.5328125 0.0046875 0.54375 0.0046875 0.5453125 0.0171875 0.5390625 0.065625 0.53125 0.4015625 0.4921875 0.4 0.453125 0.3859375 0.340625 0.3828125 0.328125 0.36875 0.3265625 0.0734375 0.3359375 0.05 0.3421875 0.04375 0.3609375 0.04375 0.4328125 0.059375 0.4578125 0.059375
6 0.7859375 0.6328125 0.790625 0.65 0.7625 0.9453125 0.6390625 1 0.65625 0.6546875 0.740625 0.6484375
10 0.896875 0.5484375 0.9140625 0.5484375 0.9 0.68125 0.8546875 0.6984375 0.784375 0.7125 0.790625 0.6328125 0.821875 0.6046875 0.8234375 0.559375