1 0.2375 0.33125 0.378125 0.3421875 0.3796875 0.5390625 0.353125 0.54375 0.3421875 0.5515625 0.3515625 0.5640625 0.353125 0.69375 0.23125 0.71875 0.2203125 0.3375
0 0.1765625 0.5203125 0.1984375 0.5203125 0.2046875 0.68125 0.0921875 0.703125 0.0828125 0.53125
12 0.665625 0.665625 0.6859375 0.6671875 0.69375 0.684375 0.778125 0.725 0.8421875 0.7015625 0.89375 0.7015625 0.8984375 0.6984375 0.89375 0.678125 0.9265625 0.6796875 0.9390625 0.671875 0.9875 0.6671875 0.996875 0.684375 0.984375 0.6984375 0.896875 0.7203125 0.6390625 0.8078125 0.2453125 0.953125 0.1703125 0.9734375 0.11875 1 0.0234375 1 0.0234375 0.8921875 0.0328125 0.8609375 0.046875 0.8515625 0.04375 0.834375 0.0546875 0.821875 0.134375 0.80625 0.1875 0.7859375 0.2109375 0.7703125 0.34375 0.746875
12 0.3796875 0.5421875 0.4171875 0.54375 0.4265625 0.5625 0.446875 0.5609375 0.4578125 0.546875 0.4859375 0.546875 0.503125 0.5625 0.503125 0.5703125 0.4734375 0.5765625 0.4703125 0.6 0.45625 0.6109375 0.528125 0.653125 0.5984375 0.6375 0.6015625 0.6765625 0.478125 0.7125 0.3203125 0.7328125 0.2921875 0.7484375 0.20625 0.7625 0.1765625 0.7796875 0.1671875 0.74375 0.1796875 0.7296875 0.50625 0.6609375 0.5 0.65 0.4703125 0.640625 0.346875 0.5515625 0.353125 0.5453125
12 0.578125 0.5875 0.596875 0.5890625 0.6203125 0.6015625 0.6046875 0.628125 0.5296875 0.596875
12 0.159375 0.50625 0.2078125 0.50625 0.2078125 0.5109375 0.0703125 0.528125 0.009375 0.54375 0.00625 0.5734375 0 0.58125 0 0.525
3 0 0.5875 0 1 0.021875 1 0.0296875 0.8296875 0.01875 0.778125 0.0296875 0.7703125 0.03125 0.759375 0.009375 0.59375
9 0.221875 0.2390625 0.3546875 0.253125 0.3609375 0.2625 0.3625 0.321875 0.3203125 0.325 0.2234375 0.3171875 0.21875 0.3109375
9 0 0.215625 0 0.4015625 0.2046875 0.4 0.203125 0.2375 0.13125 0.225 0.0671875 0.225
9 0.353125 0.565625 0.390625 0.590625 0.390625 0.6859375 0.3625 0.69375 0.353125 0.6921875 0.3515625 0.671875
9 0.05625 0.5734375 0.0640625 0.5765625 0.065625 0.7078125 0.03125 0.721875 0.009375 0.590625
6 0.05625 0.5328125 0.059375 0.5640625 0.00625 0.5765625 0.0078125 0.54375