12 0.90625 0.665625 0.928125 0.665625 1 0.6859375 1 0.76875 0.98125 0.76875 0.8515625 0.803125 0.84375 0.8140625 0.9125 0.8546875 0.915625 0.89375 0.925 0.91875 0.91875 0.9296875 0.921875 0.959375 0.9453125 0.975 1 0.9828125 1 1 0.8546875 1 0.8609375 0.9875 0.85625 0.9625 0.8125 0.9265625 0.81875 0.909375 0.81875 0.7921875 0.8671875 0.7734375 0.971875 0.75 0.9875 0.7515625 0.9953125 0.74375 0.990625 0.7328125 0.9640625 0.7203125 0.875 0.696875 0.8609375 0.6984375 0.8375 0.68125 0.846875 0.6734375
12 0.334375 0.7640625 0.346875 0.765625 0.3578125 0.7796875 0.4203125 0.8828125 0.5734375 0.8484375 0.5625 0.8828125 0.5640625 0.9453125 0.5578125 1 0 1 0 0.909375 0.040625 0.903125 0.0203125 0.9296875 0.025 0.9375 0.0796875 0.9484375 0.1015625 0.946875 0.1625 0.8953125 0.16875 0.8828125 0.165625 0.8609375 0.1953125 0.8390625 0.20625 0.7890625
12 0.7453125 0.80625 0.753125 0.8078125 0.7515625 0.8421875 0.725 0.85 0.7171875 0.8671875 0.7078125 0.865625 0.709375 0.8171875
9 0.6328125 0.6796875 0.6515625 0.68125 0.646875 0.828125 0.5859375 0.8390625 0.5609375 0.8515625 0.4328125 0.8828125 0.415625 0.878125 0.3484375 0.7671875 0.3390625 0.7640625 0.203125 0.7875 0.196875 0.7828125 0.1953125 0.7609375 0.1890625 0.753125 0.190625 0.746875 0.203125 0.74375 0.275 0.7359375 0.4375 0.7046875
6 0.6265625 0.6453125 0.6515625 0.646875 0.65 0.678125 0.55 0.6953125 0.45625 0.703125 0.31875 0.728125 0.2859375 0.7265625 0.2859375 0.690625 0.290625 0.6875
12 0.575 0.6234375 0.61875 0.6234375 0.6453125 0.6375 0.3609375 0.678125 0.3078125 0.684375 0.2859375 0.68125 0.2921875 0.6609375 0.30625 0.65 0.3921875 0.6421875 0.415625 0.6578125 0.4484375 0.65625 0.5375 0.6453125 0.5421875 0.6390625 0.5328125 0.6328125 0.534375 0.628125
3 0.1640625 0.4953125 0.26875 0.496875 0.275 0.503125 0.275 0.7 0.2671875 0.7109375 0.24375 0.709375 0.1734375 0.7171875 0.134375 0.728125 0.0890625 0.7296875 0.0828125 0.721875 0.0859375 0.653125 0.0765625 0.5125 0.0828125 0.503125 0.0953125 0.5
9 0.0546875 0.2125 0.28125 0.2390625 0.29375 0.2546875 0.3234375 0.2625 0.6125 0.2921875 0.6484375 0.284375 0.6643994969166025 0.2838014420424818 0.7427557685045079 0.2867766742416903 0.7655683866629301 0.29371883730841575 0.775 0.421875 0.653125 0.4296875 0.65 0.6 0.6453125 0.609375 0.6125 0.596875 0.615625 0.534375 0.525 0.5296875 0.5265625 0.4328125 0.51875 0.428125 0.409375 0.415625 0.396875 0.4296875 0.396875 0.528125 0.3875 0.5375 0.2828125 0.540625 0.2796875 0.4734375 0.271875 0.4640625 0.08125 0.4671875 0.065625 0.4609375 0.0640625 0.246875 0.0484375 0.2203125
2 0.41875 0.4171875 0.515625 0.4234375 0.525 0.4296875 0.528125 0.5015625 0.521875 0.5328125 0.4015625 0.5296875 0.396875 0.428125 0.403125 0.4203125
1 0.6953125 0.4234375 0.8140625 0.428125 0.81875 0.45 0.8140625 0.7359375 0.7578125 0.73125 0.7546875 0.8078125 0.7140625 0.8171875 0.7078125 0.7984375 0.6890625 0.7875 0.6640625 0.7890625 0.65625 0.796875 0.6546875 0.8140625 0.6515625 0.80625 0.6515625 0.4296875
9 0.9984375 0.215625 1 0.565625 0.9046875 0.55625 0.9 0.5421875 0.90625 0.2734375 0.890625 0.25
5 0.4953125 0.61875 0.5140625 0.6203125 0.5453125 0.6421875 0.415625 0.65625 0.3921875 0.6390625 0.3984375 0.63125
6 0.8578125 0.6953125 0.9546875 0.728125 0.959375 0.753125 0.925 0.759375 0.8546875 0.7359375 0.8515625 0.703125