13 0.6109375 0.465625 0.6828125 0.4734375 0.684375 0.48125 0.6421875 0.4890625 0.5546875 0.4875 0.4859375 0.5015625 0.3890625 0.50625 0.3875 0.5171875 0.4546875 0.5421875 0.46875 0.5703125 0.46875 0.590625 0.45625 0.6125 0.4 0.6453125 0.25079699476241474 0.6775208628292295 0.1317747635190772 0.6804960269312966 0.05738588601826429 0.6765292322580623 0 0.6606613044965701 0 0.6140625 0.0109375 0.6203125 0.034375 0.6203125 0.2078125 0.5796875 0.2078125 0.5703125 0.184375 0.5578125 0.18125 0.528125 0.1546875 0.515625 0.1671875 0.5109375 0.178125 0.4953125 0.253125 0.48125 0.31875 0.4828125 0.384375 0.4984375 0.4734375 0.49375 0.4921875 0.4859375 0.4890625 0.4734375 0.49375 0.46875
13 0.8671875 0.6359375 1 0.6703125 1 0.86875 0.9484375 0.859375 0.8984375 0.834375 0.8859375 0.834375 0.840625 0.940625 0.8140625 0.975 0.8125 1 0.5984375 1 0.5734375 0.9890625 0.5671875 0.975 0.575 0.9421875 0.615625 0.8671875 0.7234375 0.7578125
4 0.39375 0.3828125 0.4078125 0.3859375 0.4140625 0.4078125 0.4125 0.415625 0.3984375 0.41875 0.4015625 0.4453125 0.39375 0.471875 0.45 0.4703125 0.49375 0.484375 0.4078125 0.5 0.3875 0.5 0.3421875 0.484375 0.38125 0.471875 0.3875 0.45 0.3875 0.3875
4 0.0671875 0.4875 0.1171875 0.490625 0.14375 0.50625 0.15625 0.5296875 0.1640625 0.5234375 0.1796875 0.525 0.1859375 0.559375 0.2078125 0.5703125 0.2109375 0.578125 0.0140625 0.6203125 0 0.6109375 0 0.55625 0.0078125 0.546875 0.025 0.54375 0.0296875 0.5265625 0.084375 0.51875 0.09375 0.53125 0.1140625 0.53125 0.0984375 0.5078125 0.0671875 0.4984375
6 0.815625 0.1859375 0.846875 0.1875 0.8546875 0.196875 0.8515625 0.25625 0.8421875 0.2796875 0.8359375 0.33125 0.8234375 0.3609375 0.6578125 0.3484375 0.6515625 0.353125 0.65 0.390625 0.6453125 0.39375 0.55 0.3890625 0.5265625 0.38125 0.5375 0.1890625 0.5515625 0.1875 0.590625 0.2
6 0 0 0 0.39375 0.05 0.3921875 0.1515625 0.415625 0.15625 0.4 0.146875 0 0.0640625 0 0.0390625 0.01875 0.025 0.0140625 0.015625 0
3 0.7015625 0.41875 0.79375 0.4296875 0.80625 0.4328125 0.8078125 0.4421875 0.8140625 0.43125 0.821875 0.4359375 0.81875 0.471875 0.8109375 0.4703125 0.80625 0.4890625 0.8 0.6921875 0.740625 0.7421875 0.6796875 0.71875 0.634375 0.6921875 0.646875 0.49375 0.69375 0.475
1 0.8703125 0.2640625 0.9359375 0.26875 0.9390625 0.2734375 0.9171875 0.56875 0.8921875 0.6140625 0.7796875 0.7078125 0.7921875 0.5984375 0.7921875 0.5203125 0.809375 0.39375 0.834375 0.3234375 0.840625 0.271875
6 0.5453125 0.4921875 0.615625 0.49375 0.6453125 0.5015625 0.634375 0.678125 0.6078125 0.665625 0.5390625 0.665625 0.5453125 0.5328125 0.4625 0.5515625 0.4453125 0.5375 0.4109375 0.525 0.4125 0.5203125
6 0.43125 0.628125 0.4375 0.628125 0.4375 0.678125 0.425 0.9390625 0.353125 1 0.3015625 1 0.3046875 0.6734375 0.3828125 0.653125
10 0.5390625 0.534375 0.546875 0.534375 0.540625 0.6546875 0.4375 0.70625 0.4375 0.625 0.4578125 0.609375 0.465625 0.5953125 0.4640625 0.55625