12 0.8609375 0.91875 0.890625 0.9203125 0.8953125 0.9265625 0.8859375 0.9546875 0.88125 1 0.8375 1 0.834375 0.984375 0.85625 0.95
9 0.7640625 0.6375 0.8375 0.6578125 0.840625 0.6640625 0.89375 0.684375 1 0.7171875 1 0.8546875 0.7734375 0.740625 0.7734375 0.7078125 0.759375 0.7015625
12 0.759375 0.7328125 1 0.853125 1 0.8875 0.9796875 0.8703125 0.94375 0.85625 0.8375 0.7921875 0.778125 0.7625 0.7546875 0.7609375 0.7515625 0.74375
9 0.3515625 0.65 0.375 0.65 0.4 0.6890625 0.440625 0.7296875 0.44375 0.7421875 0.675 0.965625 0.6953125 1 0.421875 1 0.346875 0.8359375
12 0.4859375 0.6015625 0.55625 0.603125 0.5671875 0.6109375 0.5609375 0.6171875 0.4828125 0.615625 0.478125 0.621875 0.4796875 0.646875 0.4703125 0.659375 0.4734375 0.671875 0.465625 0.6796875 0.465625 0.690625 0.475 0.7015625 0.5359375 0.6984375 0.54375 0.715625 0.5359375 0.7421875 0.5453125 0.746875 0.58125 0.7453125 0.5796875 0.7203125 0.5875 0.709375 0.603125 0.7171875 0.6265625 0.7171875 0.6265625 0.7578125 0.6328125 0.765625 0.6484375 0.76875 0.69375 0.8109375 0.6984375 0.8234375 0.725 0.8421875 0.75625 0.8359375 0.7765625 0.8625 0.7828125 0.9046875 0.7796875 0.9546875 0.771875 0.978125 0.775 1 0.7203125 1 0.7140625 0.9953125 0.5265625 0.80625 0.475 0.7453125 0.396875 0.671875 0.3953125 0.6625 0.4578125 0.6609375 0.45625 0.6453125 0.43125 0.63125 0.428125 0.6234375 0.4359375 0.621875 0.4515625 0.603125
12 0.6390625 0.675 0.6484375 0.690625 0.6484375 0.74375 0.6546875 0.7484375 0.665625 0.74375 0.6640625 0.6859375
12 0.69375 0.7 0.7359375 0.7203125 0.740625 0.728125 0.7296875 0.740625 0.7078125 0.7453125 0.703125 0.7625 0.6890625 0.76875 0.6890625 0.746875 0.6953125 0.74375
6 0.6359375 0.646875 0.7078125 0.646875 0.7078125 0.6828125 0.7015625 0.6984375 0.6890625 0.684375 0.6609375 0.684375 0.634375 0.6703125
12 0.6375 0.609375 0.7078125 0.6328125 0.71875 0.6390625 0.71875 0.6453125 0.6671875 0.6515625 0.6359375 0.6484375
6 0.8640625 0.640625 1 0.675 1 0.71875 0.8671875 0.6734375
12 0.8796875 0.628125 0.90625 0.6328125 0.94375 0.6296875 0.9671875 0.6453125 1 0.646875 1 0.675 0.86875 0.6375
3 0.7703125 0.475 0.815625 0.475 0.8703125 0.484375 0.859375 0.65 0.765625 0.6265625
9 0.871875 0.3171875 0.878125 0.3203125 0.88125 0.3421875 0.875 0.4625 0.771875 0.4578125 0.76875 0.425 0.775 0.334375
9 0.996875 0.2671875 1 0.540625 0.9140625 0.53125 0.909375 0.5296875 0.909375 0.5078125 0.925 0.2859375