9 0.8359375 0.078125 0.8421875 0.078125 0.8453125 0.0859375 0.846875 0.11875 0.840625 0.259375 0.8109375 0.2625 0.7515625 0.2515625 0.71875 0.253125 0.5296875 0.31875 0.5234375 0.33125 0.521875 0.36875 0.5140625 0.3796875 0.509375 0.4734375 0.4203125 0.4625 0.2703125 0.46875 0.2453125 0.4640625 0.24375 0.303125 0.4515625 0.3015625 0.46875 0.296875 0.8109375 0.1
12 0.415625 0.546875 0.4328125 0.55 0.4453125 0.565625 0.4578125 0.5640625 0.4671875 0.5796875 0.4875 0.58125 0.48125 0.584375 0.478125 0.5984375 0.4546875 0.60625 0.415625 0.5671875 0.24375 0.5828125 0.246875 0.5578125
12 0.1625 0.684375 0.1640625 0.6984375 0.1125 0.8421875 0.1125 0.853125 0.1203125 0.85625 0.1078125 0.8609375 0.0984375 0.834375 0.0953125 0.76875 0.115625 0.71875 0.146875 0.7109375
12 0.13125 0.8609375 0.2625 0.9125 0.2640625 0.9328125 0.18125 1 0.0625 1 0.0640625 0.9453125 0.0578125 0.9140625 0.0859375 0.8984375 0.09375 0.903125 0.096875 0.94375 0.0890625 0.953125 0.1078125 0.9578125 0.125 0.95 0.1328125 0.940625
3 0.4828125 0.60625 0.515625 0.6078125 0.5203125 0.615625 0.515625 0.9859375 0.503125 0.9859375 0.490625 0.96875 0.45625 0.86875 0.45 0.625 0.4578125 0.609375
1 0.740625 0.253125 0.7671875 0.2640625 0.840625 0.265625 0.8296875 1 0.5203125 1 0.521875 0.3265625 0.53125 0.3171875 0.60625 0.2875
4 0.09375 0.7171875 0.1125 0.71875 0.115625 0.728125 0.0921875 0.775 0.0703125 0.78125 0.028125 0.78125 0 0.7921875 0 0.7265625
9 0.4078125 0.609375 0.4171875 0.6234375 0.4203125 0.615625 0.4296875 0.621875 0.4515625 0.6546875 0.4515625 0.8 0.41875 0.7375 0.25 0.75625 0.25 0.6265625
6 0.421875 0.5859375 0.4515625 0.6140625 0.4453125 0.6359375 0.421875 0.6140625
6 0.390625 0.578125 0.4109375 0.578125 0.409375 0.6078125 0.3375 0.6140625 0.3375 0.5828125
6 0.3140625 0.584375 0.3265625 0.5875 0.3234375 0.615625 0.2484375 0.621875 0.2484375 0.590625
6 0.1453125 0.740625 0.153125 0.74375 0.153125 0.790625 0.1453125 0.8234375 0.1359375 0.834375 0.134375 0.8578125 0.128125 0.859375 0.1125 0.853125 0.1109375 0.8453125