1 0.7375 0.4265625 0.7796875 0.428125 0.809375 0.4421875 0.809375 0.4890625 0.8015625 0.496875 0.8015625 0.5359375 0.809375 0.5421875 0.8109375 0.5625 0.809375 0.8859375 0.80625 0.890625 0.7578125 0.89375 0.75 0.903125 0.74375 0.9328125 0.74375 1 0.646875 1 0.625 0.9265625 0.625 0.4578125 0.6296875 0.45 0.659375 0.4359375
10 0.80625 0.20625 0.8125 0.20625 0.809375 0.321875 0.78125 0.3234375 0.765625 0.3546875 0.74375 0.359375 0.7421875 0.3828125 0.71875 0.3984375 0.71875 0.41875 0.7109375 0.428125 0.6671875 0.434375 0.65625 0.4421875 0.6328125 0.55 0.4640625 0.546875 0.4546875 0.45625 0.34375 0.453125 0.334375 0.459375 0.3359375 0.5453125 0.328125 0.553125 0.16875 0.5578125 0.065625 0.5578125 0.0609375 0.553125 0.05625 0.3125 0.0640625 0.3046875 0.46875 0.3203125 0.621875 0.3203125 0.6765625 0.30625
2 0.4328125 0.4484375 0.446875 0.4484375 0.4578125 0.4578125 0.45625 0.540625 0.3390625 0.546875 0.33125 0.4984375 0.334375 0.4546875
3 0.378125 0.58125 0.4328125 0.58125 0.4609375 0.5890625 0.459375 0.865625 0.4453125 0.8671875 0.440625 0.821875 0.4015625 0.7828125 0.4046875 0.7296875 0.3984375 0.7234375 0.396875 0.6734375 0.3859375 0.6796875 0.371875 0.6765625 0.3890625 0.6453125 0.38125 0.6328125 0.340625 0.6171875 0.34375 0.5875
12 0.4296875 0.88125 0.4375 0.89375 0.4375 1 0.31875 1 0.33125 0.971875 0.3328125 0.95 0.3453125 0.9453125 0.3484375 0.9375 0.36875 0.9421875 0.384375 0.9359375 0.3984375 0.9203125 0.403125 0.8953125
10 0.25 0.715625 0.2625 0.7203125 0.259375 0.746875 0.190625 0.834375 0.1296875 0.88125 0.1109375 0.909375 0.0515625 0.9703125 0.040625 0.990625 0 0.990625 0 0.81875 0.05 0.7890625 0.10625 0.7765625 0.121875 0.7578125 0.1515625 0.746875 0.16875 0.721875
12 0.2296875 0.790625 0.2390625 0.7953125 0.2390625 0.8015625 0.23125 0.8140625 0.221875 0.9015625 0.2203125 1 0.078125 1 0.175 0.8640625 0.21875 0.821875 0.2171875 0.8078125
6 0.2546875 0.675 0.2765625 0.6796875 0.259375 0.71875 0.159375 0.7203125 0.0046875 0.8125 0.0046875 0.7703125 0.0765625 0.7265625 0.1296875 0.6859375 0.1546875 0.678125
14 0.009375 0.7140625 0.0625 0.7140625 0.065625 0.7296875 0 0.771875 0 0.7171875
10 0.578125 0.7015625 0.625 0.70625 0.6265625 0.8359375 0.6109375 0.8421875 0.4640625 0.853125 0.4625 0.7125
6 0.4921875 0.6640625 0.6078125 0.665625 0.6203125 0.675 0.61875 0.690625 0.6140625 0.6984375 0.6 0.7015625 0.4640625 0.709375 0.4609375 0.6765625 0.471875 0.665625