6 0.1609375 0.6046875 0.1734375 0.609375 0.171875 0.8328125 0 0.871875 0 0.621875
13 0.1421875 0.5484375 0.1448238951382784 0.5702893169931871 0.1765625 0.565625 0.1828125 0.5796875 0.1765625 0.603125 0 0.6203125 0 0.590625 0.0765625 0.584375 0.0921875 0.5765625 0.1421875 0.5765625
6 0.3625 0.5625 0.378125 0.5734375 0.3703125 0.7296875 0.365625 0.728125 0.359375 0.68125 0.35625 0.603125 0.3578125 0.5671875
6 0.47749380199816027 0.2725061243052863 0.48027566919697157 0.3138708206595264 0.479013273193292 0.304404259422043 0.4828003745251214 0.4665982657425557 0.4802756691969717 0.46975375726535396 0.46968130199816027 0.4725061243052863 0.4165563019981603 0.4646936243052863 0.40561880199816025 0.45531862430528636 0.4040563019981603 0.30219362430528635
6 0 0.253125 0 0.46875 0.1609375 0.465625 0.165625 0.4484375 0.1625 0.2671875
6 0.4125 0.5921875 0.5921875 0.715625 0.5890625 1 0.5671875 1 0.559375 0.9921875 0.4078125 0.7859375
0 0.3734375 0.575 0.4125 0.5953125 0.415625 0.6046875 0.4109375 0.790625 0.3734375 0.746875
13 0.3625 0.5546875 0.4203125 0.55625 0.41875 0.5625 0.4015625 0.56875 0.409375 0.58125 0.490625 0.625 0.5140625 0.6265625 0.515625 0.6359375 0.5328125 0.6359375 0.5359375 0.6203125 0.55625 0.61875 0.5625 0.628125 0.5515625 0.6296875 0.553125 0.6359375 0.575 0.6375 0.578125 0.6296875 0.5953125 0.6296875 0.6015625 0.6421875 0.5328125 0.6578125 0.4984375 0.65 0.3625 0.565625
4 0.5359375 0.5265625 0.55625 0.5328125 0.5671875 0.546875 0.5671875 0.6078125 0.55625 0.6171875 0.4890625 0.6234375 0.428125 0.5875 0.4453125 0.5796875 0.5140625 0.575 0.55625 0.5953125 0.55625 0.5734375 0.5453125 0.5546875 0.515625 0.55625 0.5328125 0.540625
13 0.56875 0.55 0.609375 0.553125 0.7109375 0.584375 0.715625 0.5953125 0.7 0.6125 0.70625 0.6234375 0.7453125 0.621875 0.7328125 0.6078125 0.73125 0.590625 0.7734375 0.6046875 0.771875 0.6734375 0.6625 0.6953125 0.6140625 0.69375 0.5953125 0.684375 0.571875 0.6609375 0.5703125 0.6453125 0.6609375 0.634375 0.659375 0.6125 0.6453125 0.6015625 0.5703125 0.5734375
13 0.61875 0.6203125 0.625 0.640625 0.65 0.6359375 0.65 0.63125