12 0.6390625 0.6265625 0.7421875 0.64375 0.75625 0.65 0.7609375 0.6625 0.5953125 0.8796875 0.56875 0.9265625 0.5125 1 0.128125 1 0.259375 0.90625 0.34375 0.8375
6 0.28125 0.5578125 0.4578125 0.5859375 0.4578125 0.61875 0.271875 0.5875 0.1 0.6359375 0.0890625 0.634375 0.090625 0.5984375
12 0.28125 0.53125 0.3015625 0.5328125 0.3078125 0.54375 0.34375 0.5578125 0.4453125 0.5703125 0.4703125 0.5703125 0.5 0.5609375 0.5453125 0.575 0.546875 0.5921875 0.534375 0.596875 0.2828125 0.55625 0.121875 0.5921875 0.090625 0.596875 0.0859375 0.590625 0.0875 0.5734375 0.13125 0.578125 0.19375 0.565625 0.23125 0.55625 0.2328125 0.54375
4 0.4421875 0.4765625 0.4515625 0.4828125 0.45625 0.5078125 0.4484375 0.5125 0.44375 0.4859375 0.440625 0.55 0.484375 0.5546875 0.4953125 0.5609375 0.4703125 0.5703125 0.44375 0.5703125 0.35625 0.559375 0.38125 0.5484375 0.4328125 0.55 0.434375 0.4921875
9 0 0.171875 0 0.4328125 0.078125 0.428125 0.084375 0.4125 0.084375 0.38125 0.090625 0.3765625 0.196875 0.3765625 0.2078125 0.3890625 0.2171875 0.4578125 0.3890625 0.459375 0.3890625 0.2515625 0.3625 0.24375 0.28125 0.253125 0.240625 0.2484375 0.0875 0.2109375 0.0734375 0.2015625 0.06875 0.1859375
2 0.090625 0.375 0.203125 0.378125 0.2109375 0.40625 0.2125 0.459375 0.2078125 0.4703125 0.0890625 0.4765625 0.084375 0.4703125 0.0828125 0.3875
3 0 0.4328125 0 0.640625 0.05955557239534439 0.626651388732958 0.0890625 0.6203125 0.0828125 0.4328125
1 0.759375 0.6734375 0.75625 0.84375 0.75 0.878125 0.728125 0.8859375 0.678125 0.8671875 0.6796875 0.7796875
1 0.603125 0.365625 0.74375 0.365625 0.771875 0.3765625 0.7625 0.6546875 0.7203125 0.6390625 0.6390625 0.6265625 0.615625 0.6453125 0.5921875 0.6546875 0.565625 0.68125 0.5453125 0.684375 0.5484375 0.3765625 0.5515625 0.36875
0 0.459375 0.5875 0.5171875 0.5953125 0.503125 0.603125 0.5078125 0.6265625 0.5046875 0.6765625 0.4734375 0.671875 0.4578125 0.6796875
9 0.7625 0.1890625 0.78125 0.19375 0.771875 0.375 0.759375 0.3765625 0.753125 0.3671875 0.753125 0.303125 0.7484375 0.2984375 0.671875 0.303125 0.66875 0.35625 0.6609375 0.35625 0.6546875 0.3390625 0.653125 0.2875 0.634375 0.2796875 0.6265625 0.2953125 0.6234375 0.3625 0.5515625 0.3703125 0.546875 0.465625 0.540625 0.4734375 0.5109375 0.4703125 0.50625 0.4609375 0.5109375 0.228125 0.515625 0.2234375
9 0.26875 0.590625 0.4546875 0.621875 0.4578125 0.6796875 0.396875 0.71875 0.3859375 0.721875 0.38125 0.7171875 0.3625 0.7296875 0.275 0.7078125 0.096875 0.7890625 0.078125 0.7859375 0 0.75 0 0.6390625 0.08125 0.621875 0.0890625 0.625 0.0890625 0.634375 0.096875 0.6359375
5 0.165625 0.54375 0.2109375 0.5453125 0.234375 0.55625 0.1328125 0.578125 0.0875 0.56875 0.0953125 0.55
12 0 0.75 0 0.9578125 0.0546875 1 0.1265625 1 0.40625 0.796875 0.403125 0.7890625 0.3171875 0.7671875 0.2046875 0.83125 0.18125 0.8328125
12 0 0.95625 0 1 0.05625 1