3 0.4453125 0.521875 0.4515625 0.525 0.453125 0.540625 0.465625 0.546875 0.4703125 0.525 0.5390625 0.525 0.5453125 0.540625 0.5578125 0.5453125 0.5703125 0.6703125 0.5703125 0.696875 0.559375 0.7046875 0.565625 0.778125 0.55625 0.8078125 0.5421875 0.8140625 0.5359375 0.8953125 0.5234375 0.8921875 0.5296875 0.821875 0.525 0.63125 0.53125 0.5703125 0.4515625 0.5703125 0.4375 0.565625 0.4328125 0.559375 0.434375 0.5265625
12 0.4953125 0.5671875 0.5296875 0.56875 0.521875 0.6296875 0.5125 0.6359375 0.4375 0.6296875 0.440625 0.5984375 0.434375 0.5921875 0.4765625 0.5703125
12 0.865625 0.540625 0.953125 0.54375 0.9671875 0.5671875 1 0.571875 1 0.6484375 0.8609375 0.55
12 0.6734375 0.4828125 0.7140625 0.484375 0.71875 0.4953125 0.575 0.496875 0.5515625 0.5015625 0.5421875 0.5265625 0.4796875 0.525 0.4703125 0.51875 0.4703125 0.4890625 0.4765625 0.4875
0 0.6046875 0.4984375 0.703125 0.4984375 0.703125 0.665625 0.6984375 0.6734375 0.603125 0.6671875
1 0.7484375 0.3109375 0.78125 0.315625 0.8765625 0.3109375 0.9 0.315625 0.9109375 0.328125 0.9 0.5328125 0.86875 0.540625 0.8625 0.5484375 0.8671875 0.56875 0.8625 0.696875 0.8515625 0.703125 0.73125 0.6953125 0.725 0.3484375 0.728125 0.3265625
9 0.4015625 0.0828125 0.4265625 0.109375 0.471875 0.19375 0.5078125 0.221875 0.546875 0.2328125 0.715625 0.228125 0.7109375 0.3828125 0.70625 0.3875 0.5484375 0.3875 0.540625 0.359375 0.5015625 0.35625 0.4953125 0.265625 0.4859375 0.2703125 0.4671875 0.253125 0.453125 0.2515625 0.446875 0.2640625 0.446875 0.3984375 0.4375 0.409375 0.4046875 0.4171875 0.4 0.4078125 0.396875 0.2140625 0.396875 0.1
2 0.446875 0.25 0.4703125 0.25 0.4828125 0.259375 0.5 0.31875 0.4921875 0.3875 0.475 0.3921875 0.46875 0.4015625 0.45 0.403125 0.44375 0.3984375
9 0.8234375 0.221875 0.8796875 0.221875 0.8859375 0.2265625 0.8875 0.2953125 0.8703125 0.303125 0.7515625 0.3 0.7453125 0.2921875 0.746875 0.228125 0.815625 0.228125
12 0.6515625 0.7515625 0.7421875 0.759375 0.815625 0.75625 0.903125 0.765625 0.9578125 0.7625 1 0.771875 1 0.978125 0.7265625 0.9640625 0.684375 0.95 0.6640625 0.9328125 0.6546875 0.9140625 0.6359375 0.7859375 0.6359375 0.7625
12 0.715625 0.696875 1 0.709375 1 0.7640625 0.903125 0.765625 0.7921875 0.7546875 0.7234375 0.7546875 0.7109375 0.7140625
9 0.8796875 0.56875 0.921875 0.5953125 0.915625 0.7046875 0.875 0.7015625
9 0.5828125 0.5359375 0.5875 0.5390625 0.5875 0.653125 0.5703125 0.659375 0.5640625 0.5875 0.5546875 0.571875 0.5546875 0.55625 0.559375 0.540625
9 0.528125 0.6453125 0.5296875 0.828125 0.5171875 0.9453125 0.509375 0.95625 0.509375 0.7171875 0.521875 0.6875
6 0.58125 0.5 0.5890625 0.5015625 0.5890625 0.5296875 0.55 0.5390625 0.5484375 0.5078125
6 0.528125 0.60625 0.528125 0.6875 0.5265625 0.6953125 0.509375 0.7078125 0.5078125 0.65 0.51875 0.64375