10 0.575 0.784375 0.9296875 0.96875 0.934375 0.9734375 0.9328125 1 0.5625 1 0.565625 0.7953125
9 0.5853589018316467 0.1636569817796933 0.5962964018316468 0.1667819817796933 0.5962964018316468 0.2136569817796933 0.5900464018316468 0.3183444817796933 0.5822339018316468 0.3386569817796933 0.5728589018316468 0.5214694817796933 0.5587964018316468 0.5386569817796933 0.5572339018316468 0.5808444817796933 0.5525464018316468 0.5870944817796933 0.5400464018316468 0.5870944817796933 0.4712964018316468 0.5605319817796933 0.4025464018316468 0.5480319817796933 0.3947339018316468 0.5370944817796933 0.39942140183164676 0.4605319817796933 0.39160890183164676 0.2277194817796933 0.4572339018316468 0.2011569817796933
0 0.26875 0.740625 0.275 0.740625 0.3140625 0.778125 0.309375 0.8203125 0.3125 0.871875 0.371875 0.9140625 0.371875 1 0.2578125 1 0.2578125 0.8515625
4 0.3296875 0.465625 0.3421875 0.4671875 0.3484375 0.484375 0.3515625 0.575 0.353125 0.5828125 0.365625 0.590625 0.365625 0.596875 0.3546875 0.603125 0.3515625 0.6828125 0.346875 0.690625 0.3203125 0.6921875 0.3078125 0.70625 0.2734375 0.7078125 0.1953125 0.6421875 0.2984375 0.6234375 0.31875 0.6265625 0.334375 0.64375 0.34375 0.6453125 0.3453125 0.50625 0.3375 0.475 0.328125 0.4765625 0.3234375 0.4921875 0.321875 0.6015625 0.315625 0.6 0.3140625 0.58125 0.31875 0.4890625
4 0.3296875 0.465625 0.3421875 0.4671875 0.346875 0.478125 0.353125 0.5828125 0.365625 0.590625 0.3546875 0.6078125 0.35 0.6984375 0.33125 0.6921875 0.334375 0.703125 0.2765625 0.7078125 0.196875 0.6421875 0.3 0.6234375 0.321875 0.628125 0.346875 0.6484375 0.3421875 0.6 0.3453125 0.5015625 0.3375 0.475 0.328125 0.478125 0.3234375 0.4953125 0.325 0.59375 0.3234375 0.6 0.3140625 0.6 0.31875 0.4890625
11 0.1984375 0.61875 0.2125 0.61875 0.215625 0.6265625 0.2125 0.6359375 0.196875 0.6375 0.2 0.646875 0.275 0.70625 0.3 0.7046875 0.2921875 0.721875 0.3125 0.7328125 0.3140625 0.7546875 0.2984375 0.75 0.1953125 0.6671875 0.190625 0.6421875
11 0.4234375 0.6765625 0.4578125 0.6984375 0.459375 0.7203125 0.484375 0.7359375 0.48125 0.74375 0.4546875 0.7484375 0.45 0.7375 0.4203125 0.721875 0.415625 0.7390625 0.3828125 0.7296875 0.359375 0.74375 0.34375 0.7453125 0.3453125 0.71875 0.3859375 0.7203125 0.3953125 0.7125 0.41875 0.7078125
11 0.496875 0.76875 0.55625 0.7796875 0.5546875 0.8671875 0.55 0.8796875 0.48125 0.9109375 0.3765625 0.8296875 0.375 0.815625 0.3796875 0.80625 0.3890625 0.80625 0.45 0.7734375
2 0.8390625 0.2984375 0.9046875 0.3078125 0.9234375 0.3 0.959375 0.325 0.95625 0.4203125 0.9328125 0.4265625 0.9203125 0.4453125 0.9109375 0.5484375 0.8359375 0.571875 0.803125 0.571875 0.7921875 0.5546875 0.6546875 0.5328125 0.5953125 0.5296875 0.5796875 0.515625 0.58125 0.3421875 0.5859375 0.3265625
6 0.378125 0.828125 0.48125 0.9109375 0.4765625 0.9890625 0.371875 0.8890625
9 0.375 0.8984375 0.48125 1 0.371875 1 0.36875 0.9234375
9 0.2171875 0.2703125 0.225 0.2734375 0.2265625 0.4875 0.215625 0.490625 0.1859375 0.4828125 0.1671875 0.4875 0.159375 0.484375 0.1578125 0.2890625 0.1734375 0.278125 0.1953125 0.2796875
9 0.1875 0.7171875 0.1953125 0.71875 0.265625 0.7890625 0.2640625 1 0.2453125 1 0.2375 0.990625 0.184375 0.8828125
6 0.19375 0.675 0.2703125 0.7359375 0.265625 0.784375 0.259375 0.784375 0.19375 0.7171875