9 0.2875 0.2515625 0.3125 0.278125 0.3625 0.36875 0.3609375 0.3984375 0.3296875 0.4046875 0.328125 0.4890625 0.3 0.5109375 0.2921875 0.5078125
9 0.38125 0.653125 0.390625 0.6578125 0.39375 0.703125 0.390625 0.8609375 0.3828125 0.86875 0.3765625 0.6953125
6 0.546875 0.5578125 0.559375 0.5625 0.6328125 0.628125 0.6375 0.6265625 0.6296875 0.8125 0.621875 0.8078125 0.590625 0.7484375 0.59375 0.6296875 0.5859375 0.615625 0.5484375 0.5828125
12 0.53125 0.5296875 0.5484375 0.53125 0.5640625 0.5546875 0.5921875 0.5765625 0.640625 0.5765625 0.640625 0.61875 0.63125 0.61875 0.5671875 0.5703125 0.5296875 0.534375
4 0.6109375 0.4875 0.6234375 0.4890625 0.6328125 0.5015625 0.6328125 0.534375 0.6421875 0.5484375 0.63125 0.559375 0.640625 0.565625 0.640625 0.5765625 0.5953125 0.578125 0.5625 0.553125 0.5625 0.546875 0.6125 0.5453125 0.6265625 0.55625 0.628125 0.5234375 0.6140625 0.5125 0.6140625 0.496875 0.6046875 0.5015625 0.5984375 0.521875 0.590625 0.521875 0.6 0.496875
6 0.5046875 0.5140625 0.525 0.53125 0.521875 0.5609375 0.5046875 0.5453125
2 0.5234375 0.478125 0.5703125 0.4828125 0.571875 0.51875 0.5359375 0.521875 0.525 0.5171875 0.5203125 0.5109375
1 0.378125 0.4 0.415625 0.4015625 0.4265625 0.4234375 0.425 0.6328125 0.4296875 0.6484375 0.4203125 0.6609375 0.4015625 0.6578125 0.3953125 0.6109375 0.396875 0.540625 0.3671875 0.5390625 0.3546875 0.525 0.334375 0.515625 0.3359375 0.4828125 0.353125 0.4671875 0.35625 0.4078125
12 0.2677360892345462 0.6418802794532156 0.2733772426001202 0.6201860964789824 0.28162196853937055 0.6154133380902519 0.2921875 0.63125 0.35 0.6421875 0.3765625 0.6203125 0.384375 0.6203125 0.3828125 0.65 0.2734375 0.665625 0.23215337453604304 0.6679133824412936 0.2312854772835134 0.6566323929942925
9 0.771875 0.1359375 0.7765625 0.1375 0.7765625 0.1703125 0.7546875 0.53125 0.7265625 0.9703125 0.71875 0.975 0.6328125 0.825 0.6546875 0.2390625
9 0.5453125 0.5859375 0.5671875 0.5984375 0.59375 0.6265625 0.590625 0.74375 0.54375 0.6703125
9 0.5046875 0.540625 0.5203125 0.5484375 0.5234375 0.559375 0.521875 0.6296875 0.503125 0.5984375
9 0.5375 0.3703125 0.5453125 0.371875 0.54375 0.446875 0.5421875 0.4625 0.53125 0.4640625 0.5296875 0.375
7 0.5671875 0.3578125 0.5765625 0.359375 0.5796875 0.371875 0.575 0.4703125 0.5453125 0.4578125 0.5421875 0.4328125 0.54375 0.3765625