1 0.7125 0.4484375 0.7515625 0.4515625 0.7546875 0.540625 0.7078125 0.546875 0.7125 0.5765625 0.709375 0.6234375 0.7234375 0.7140625 0.7265625 0.8171875 0.6828125 0.825 0.634375 0.78125 0.6203125 0.7609375 0.6140625 0.4578125
3 0.8203125 0.5546875 0.9203125 0.56875 0.93125 0.575 0.93125 0.609375 0.921875 0.6421875 0.8984375 0.64375 0.9 0.621875 0.8890625 0.6140625 0.8671875 0.6109375 0.8546875 0.6203125 0.8453125 0.65 0.8234375 0.6609375 0.8171875 0.671875 0.8265625 0.6828125 0.828125 0.7 0.83125 0.890625 0.8390625 0.9109375 0.834375 0.9171875 0.8125 0.9109375 0.7296875 0.8375 0.725 0.6390625 0.7359375 0.628125 0.8125 0.6171875 0.8125 0.5765625
9 0.9984375 0.1921875 1 0.3828125 0.98125 0.3953125 0.953125 0.4015625 0.771875 0.4265625 0.7734375 0.5265625 0.7578125 0.5265625 0.75 0.43125 0.7328125 0.428125 0.678125 0.4390625 0.6734375 0.3765625 0.9734375 0.2859375
2 0.921875 0.403125 0.928125 0.403125 0.93125 0.4125 0.93125 0.521875 0.825 0.51875 0.7703125 0.509375 0.7671875 0.434375 0.771875 0.4234375
6 0.8296875 0.6890625 0.8296875 0.7359375 0.884375 0.7625 0.8921875 0.70625
12 0.834375 0.65625 0.84375 0.65625 0.85 0.6703125 0.8796875 0.6703125 0.853125 0.6921875 0.8203125 0.6796875 0.81875 0.6625
10 0.8296875 0.740625 0.8828125 0.7640625 0.8671875 0.9015625 0.859375 0.91875 0.8453125 0.9140625 0.8328125 0.8984375
12 0.8953125 0.6984375 0.9203125 0.703125 0.9171875 0.759375 0.9 0.7578125 0.8859375 0.7640625
12 0.8828125 0.7875 0.8921875 0.8078125 0.903125 0.8140625 0.896875 0.8859375 0.915625 0.9296875 0.9375 0.946875 1 0.9609375 1 1 0.853125 1
10 0.7125 0.6734375 0.71875 0.6796875 0.725 0.7125 0.728125 0.8140625 0.7203125 0.8140625 0.715625 0.8046875
6 0.7140625 0.6390625 0.725 0.6421875 0.7234375 0.690625 0.7140625 0.684375