13 0.0078125 0.646875 0.1046875 0.646875 0.1109375 0.653125 0.1125 0.6734375 0 0.6765625 0 0.6484375
13 0.1625 0.65 0.275 0.65 0.2859375 0.659375 0.2859375 0.6703125 0.278125 0.6796875 0.2625 0.6796875 0.25625 0.671875 0.240625 0.6796875 0.1609375 0.678125
13 0.546875 0.7421875 0.5640625 0.7484375 0.575 0.790625 0.5953125 0.834375 0.5921875 0.85625 0.0109375 0.859375 0.0171875 0.8296875 0.26875 0.828125 0.28125 0.821875 0.2890625 0.8 0.2953125 0.8 0.3078125 0.8171875 0.321875 0.8203125 0.334375 0.80625 0.33721224416157436 0.8064833835606869 0.3401877556743474 0.8010288025449949 0.39126814183467107 0.8461528284301402 0.4988841321038905 0.8198718263114128 0.494420796729638 0.8064833835606869 0.4448281663257008 0.7737560336608178 0.521875 0.76875 0.5265625 0.7578125
13 0.5609375 0.65625 0.575 0.6640625 0.5828125 0.6796875 0.559375 0.678125
13 0.371875 0.646875 0.3796875 0.646875 0.3828125 0.6796875 0.3734375 0.6796875 0.3640625 0.65625 0.3578125 0.6578125 0.3578125 0.65
13 0.40625 0.6515625 0.425 0.6515625 0.4296875 0.675 0.434375 0.6703125 0.4390625 0.678125 0.4046875 0.6796875
4 0.128125 0.678125 0.1359375 0.6796875 0.1375 0.69375 0.165625 0.6890625 0.146875 0.7375 0.1328125 0.7359375 0.134375 0.709375 0.1234375 0.684375
4 0.046875 0.7359375 0.078125 0.7375 0.0328125 0.765625 0.0359375 0.7890625 0.0578125 0.8125 0.06875 0.815625 0.1859375 0.8109375 0.1125 0.7390625 0.178125 0.7453125 0.2 0.7375 0.20625 0.7421875 0.2328125 0.7375 0.253125 0.7453125 0.278125 0.7390625 0.28125 0.746875 0.2921875 0.746875 0.3 0.7375 0.315625 0.7375 0.321875 0.7453125 0.2828125 0.8203125 0.2734375 0.8265625 0.021875 0.828125 0.01875 0.8171875 0.028125 0.8140625 0.0265625 0.8046875 0 0.8 0 0.7625
0 0.296875 0.8625 0.5609375 0.8625 0.565625 0.8734375 0.5625 1 0.29375 1
9 0 0.9375 0 1 0.296875 1 0.29375 0.9390625 0.175 0.9453125 0.1328125 0.9390625
6 0.228125 0.8640625 0.2921875 0.8640625 0.290625 0.934375 0 0.9359375 0 0.86875 0.0046875 0.8671875