6 0.1453125 0.5609375 0.15 0.5625 0.1515625 0.58125 0.1625 0.5796875 0.165625 0.5640625 0.178125 0.5640625 0.1796875 0.59375 0 0.6078125 0 0.575 0.125 0.56875
4 0.16875 0.51875 0.1796875 0.5203125 0.1875 0.5375 0.1875 0.59375 0.1796875 0.59375 0.1796875 0.55625 0.16875 0.5484375 0.1640625 0.5515625 0.1640625 0.5796875 0.1484375 0.5796875 0.1546875 0.5375
6 0.2015625 0.5609375 0.21875 0.5625 0.21875 0.5875 0.190625 0.590625 0.1890625 0.565625
12 0.2015625 0.540625 0.271875 0.54375 0.275 0.5546875 0.190625 0.5625 0.1875 0.546875
12 0.1390625 0.559375 0.1484375 0.5609375 0.146875 0.5671875 0 0.58125 0.0015625 0.565625
12 0.4296875 0.565625 0.5296875 0.56875 0.565625 0.5796875 0.6265625 0.58125 0.634375 0.5875 0.609375 0.5921875 0.41875 0.5828125 0.2484375 0.6140625 0.2234375 0.6125 0.225 0.6046875 0.2421875 0.5984375 0.2515625 0.584375 0.359375 0.56875 0.415625 0.578125
9 0.0328125 0.215625 0.1640625 0.24375 0.1765625 0.2484375 0.16875 0.2640625 0.1734375 0.2765625 0.240625 0.290625 0.3140625 0.29375 0.315625 0.2796875 0.3078125 0.259375 0.43125 0.26875 0.41875 0.4203125 0.4140625 0.425 0.3171875 0.421875 0.3109375 0.46875 0.171875 0.465625 0.165625 0.4625 0.1640625 0.3796875 0.040625 0.365625 0.040625 0.459375 0 0.4640625 0 0.240625 0.03125 0.2390625 0.034375 0.234375 0.0265625 0.21875
2 0.04375 0.36875 0.1671875 0.378125 0.165625 0.45625 0.0453125 0.4546875
3 0.31875 0.41875 0.41875 0.421875 0.4140625 0.534375 0.4109375 0.5375 0.378125 0.5171875 0.375 0.525 0.38125 0.5390625 0.36875 0.55 0.371875 0.56875 0.3484375 0.5703125 0.34375 0.5640625 0.3328125 0.5734375 0.3140625 0.5734375 0.3140625 0.4234375
5 0.084375 0.5046875 0.0984375 0.50625 0.1140625 0.5234375 0.109375 0.5296875 0.1140625 0.5421875 0.1484375 0.546875 0.146875 0.559375 0.0625 0.565625 0.0328125 0.5578125 0.04375 0.5484375 0.0671875 0.55 0.0859375 0.5421875 0.0765625 0.525 0.078125 0.509375
6 0.2515625 0.559375 0.2734375 0.559375 0.2765625 0.5796875 0.25 0.584375