9 0.6046875 0.6421875 0.628125 0.64375 0.653125 0.65625 0.659375 0.6984375 0.746875 0.7375 0.7515625 0.784375 0.7359375 0.7828125 0.665625 0.7453125 0.528125 0.7734375 0.5125 0.7671875 0.50625 0.7765625 0.4859375 0.78125 0.4828125 0.7046875 0.5703125 0.6890625 0.5765625 0.68125 0.5796875 0.646875
15 0.553125 0.61875 0.6515625 0.634375 0.6828125 0.6515625 0.728125 0.6640625 0.746875 0.6734375 0.7515625 0.6828125 0.725 0.6828125 0.6125 0.6421875 0.509375 0.653125 0.478125 0.65 0.4828125 0.634375 0.4953125 0.625
6 0.2984375 0.68125 0.315625 0.68125 0.3203125 0.6875 0.31875 0.7125 0.3265625 0.734375 0.3234375 0.7625 0.3328125 0.78125 0.3328125 0.8140625 0.328125 0.8171875 0.21875 0.8390625 0.2171875 0.7625 0.2109375 0.74375 0.140625 0.75 0 0.778125 0 0.7234375 0.2703125 0.6828125 0.2859375 0.6828125 0.290625 0.6953125
15 0.2734375 0.6359375 0.290625 0.6375 0.3140625 0.65 0.321875 0.659375 0.3203125 0.6734375 0.2828125 0.6828125 0 0.71875 0 0.6890625 0.009375 0.684375 0.165625 0.675 0.171875 0.6484375
15 0.6515625 0.7453125 0.671875 0.746875 0.75 0.784375 0.8328125 0.828125 0.8453125 0.840625 1 0.9140625 1 1 0.88125 1 0.8421875 0.9734375 0.8390625 0.9640625 0.9234375 0.9578125 0.9328125 0.9328125 0.9296875 0.915625 0.8890625 0.86875 0.8171875 0.85625 0.809375 0.8515625 0.8125 0.8375 0.7359375 0.796875 0.665625 0.803125 0.6484375 0.8125 0.665625 0.828125 0.678125 0.8578125 0.7203125 0.88125 0.7453125 0.8875 0.75 0.9296875 0.7421875 0.9375 0.578125 1 0.3484375 1 0.378125 0.9828125 0.54375 0.925 0.6 0.921875 0.6078125 0.903125 0.6078125 0.8625 0.603125 0.85 0.60625 0.8140625 0.5984375 0.8046875 0.55 0.80625 0.5484375 0.8125 0.55625 0.8203125 0.553125 0.834375 0.5328125 0.8515625 0.5234375 0.8359375 0.5203125 0.8125 0.4953125 0.815625 0.484375 0.8015625 0.4546875 0.803125 0.44375 0.7921875
4 0.3140625 0.54375 0.3328125 0.553125 0.3453125 0.621875 0.3515625 0.9125 0.325 0.9 0.3328125 0.8515625 0.3296875 0.7703125 0.31875 0.76875 0.3015625 0.7546875 0.3015625 0.796875 0.278125 0.796875 0.2875 0.709375 0.290625 0.5890625 0.3 0.5546875
4 0.328125 0.8234375 0.3375 0.8265625 0.3296875 0.8984375 0.2671875 0.903125 0.209375 0.928125 0.184375 0.959375 0.1828125 0.98125 0.1890625 1 0.053125 1 0.0578125 0.940625 0.04375 0.909375 0.0453125 0.8890625
3 0.33125 0.4609375 0.44375 0.4609375 0.46875 0.4625 0.48125 0.4703125 0.48125 0.6234375 0.471875 0.7515625 0.3578125 0.775 0.3359375 0.771875 0.3390625 0.615625 0.3296875 0.55
1 0.975 0.40625 1 0.40625 1 0.728125 0.9890625 0.8953125 0.978125 0.909375 0.853125 0.8421875 0.8234375 0.828125 0.815625 0.8296875 0.79375 0.8109375 0.7484375 0.7875 0.7609375 0.41875 0.81875 0.409375
9 0 0.134375 0 0.5453125 0.271875 0.540625 0.31875 0.546875 0.3265625 0.5390625 0.3296875 0.4703125 0.3390625 0.4640625 0.475 0.46875 0.4828125 0.4828125 0.4828125 0.521875 0.490625 0.5328125 0.628125 0.528125 0.7484375 0.5453125 0.75625 0.528125 0.759375 0.4296875 0.7671875 0.4171875 0.7921875 0.4109375 0.809375 0.3953125 0.8796875 0.4 0.921875 0.39375 1 0.396875 1 0.134375 0.815625 0.1953125 0.7796875 0.2015625 0.78125 0.2265625 0.775 0.23125 0.6359375 0.271875 0.5046875 0.2453125 0.4921875 0.221875 0.359375 0.1875 0.315625 0.1796875 0.29375 0.19375 0.271875 0.19375
9 0.1921875 0.7515625 0.203125 0.7546875 0.2046875 0.7625 0.2046875 0.84375 0.2 0.85 0 0.8921875 0 0.7828125
6 0.5546875 0.65 0.578125 0.653125 0.5796875 0.6734375 0.5734375 0.6859375 0.4875 0.6953125 0.484375 0.6625 0.4890625 0.6578125
6 0.45625 0.7515625 0.4703125 0.753125 0.4734375 0.7828125 0.4453125 0.7921875 0.4234375 0.7921875 0.4140625 0.8 0.375 0.809375 0.3515625 0.809375 0.3515625 0.7734375
6 0.6546875 0.659375 0.75 0.6890625 0.753125 0.7125 0.746875 0.734375 0.7359375 0.7375 0.6578125 0.7015625 0.65 0.6703125