15 0.6140625 0.4171875 0.640625 0.4203125 0.6734375 0.434375 0.6953125 0.4328125 0.6875 0.425 0.69375 0.4171875 0.7125 0.4296875 0.7515625 0.428125 0.7703125 0.4359375 0.66875 0.4421875 0.625 0.428125
10 0.68125 0.40625 0.6859375 0.415625 0.75625 0.4296875 0.74375 0.4140625
3 0.803125 0.409375 0.834375 0.4203125 0.803125 0.425 0.796875 0.4859375 0.8 0.5109375 0.7859375 0.5140625 0.7640625 0.503125 0.771875 0.4328125 0.7546875 0.428125 0.753125 0.41875 0.759375 0.4109375
10 0.8078125 0.421875 0.84375 0.425 0.8375 0.515625 0.7953125 0.5015625 0.8015625 0.4328125
15 0.8234375 0.4203125 0.8375 0.421875 0.8375 0.4265625 0.8078125 0.425
15 0.5875 0.403125 0.6046875 0.4046875 0.609375 0.4171875 0.5609375 0.4078125
15 0.66875 0.396875 0.74375 0.4046875 0.7453125 0.409375 0.66875 0.4046875
10 0.1 0.503125 0.10625 0.5046875 0.109375 0.51875 0.1265625 0.678125 0.1078125 0.7046875 0.1 0.753125 0.075 0.809375 0 0.9375 0 0.571875
10 0.840625 0.2859375 0.8609375 0.2875 0.859375 0.3140625 0.8515625 0.3734375 0.8328125 0.375
10 0.728125 0.3015625 0.7738894409711599 0.29527376026164165 0.7734375 0.3671875 0.675 0.3640625 0.6796875 0.30625
7 0.85625 0.240625 0.865625 0.2421875 0.8625 0.28125 0.8421875 0.2875 0.846875 0.2453125
7 0.771875 0.2640625 0.78125 0.2671875 0.7765625 0.290625 0.68125 0.3 0.6828125 0.290625 0.703125 0.2734375