3 0.2171875 0.5140625 0.2421875 0.515625 0.24682960067532206 0.5208264806880336 0.25873191914678595 0.5099173867537912 0.2706341014080641 0.5138843176213083 0.271875 0.5578125 0.2734375 0.5625 0.284375 0.884375 0.278125 0.8921875 0.14375 0.915625 0.1421875 0.83125 0.121875 0.81875 0.08125 0.8140625 0.071875 0.6359375 0.0984375 0.63125 0.096875 0.61875 0.1015625 0.615625 0.11875 0.61875 0.1125 0.6109375 0.0953125 0.60625 0.0984375 0.521875
11 0.534375 0.6328125 0.55625 0.6375 0.6234375 0.6875 0.65625 0.690625 0.640625 0.71875 0.6671875 0.73125 0.675 0.75 0.703125 0.753125 0.7046875 0.725 0.7515625 0.7296875 0.7578125 0.721875 0.7828125 0.7203125 0.7921875 0.684375 0.8234375 0.7046875 0.840625 0.7453125 0.865625 0.753125 0.8703125 0.7625 0.8890625 0.7734375 0.871875 0.78125 0.84375 0.778125 0.840625 0.765625 0.8296875 0.765625 0.80625 0.7421875 0.7921875 0.7453125 0.790625 0.759375 0.753125 0.7421875 0.678125 0.76875 0.5359375 0.65 0.53125 0.64375
11 0.8484375 0.8078125 0.9140625 0.809375 0.9484375 0.8234375 0.9703125 0.809375 1 0.8265625 1 0.990625 0.971875 1 0.909375 0.9984375 0.759375 0.8640625 0.7625 0.8390625 0.8046875 0.828125
0 0.6171875 0.73125 0.6765625 0.790625 0.675 0.89375 0.75 0.9578125 0.7515625 1 0.60625 1
9 0.5484375 0.24375 0.5625 0.2484375 0.559375 0.396875 0.565625 0.465625 0.559375 0.471875 0.525 0.4640625 0.4921875 0.46875 0.4890625 0.2734375 0.496875 0.2625
9 0.990625 0.0546875 1 0.0546875 1 0.59375 0.9234375 0.5734375 0.909375 0.565625 0.8984375 0.55 0.8734375 0.559375 0.7671875 0.534375 0.7609375 0.528125 0.7671875 0.15625
4 0.671875 0.440625 0.6828125 0.44375 0.690625 0.4671875 0.690625 0.571875 0.6984375 0.5828125 0.690625 0.5875 0.6875 0.646875 0.703125 0.6609375 0.703125 0.66875 0.696875 0.68125 0.665625 0.678125 0.6546875 0.690625 0.6359375 0.690625 0.59375 0.6671875 0.534375 0.6171875 0.625 0.60625 0.6453125 0.6125 0.6515625 0.6078125 0.659375 0.4703125 0.6640625 0.446875
6 0.7625 0.86875 0.7796875 0.8765625 0.9125 1 0.8125 1 0.7640625 0.940625
9 0.753125 0.934375 0.8109375 1 0.7484375 1
9 0.5265625 0.6984375 0.5578125 0.7234375 0.6046875 0.7828125 0.6140625 0.7875 0.6109375 1 0.590625 0.9984375 0.5203125 0.86875
6 0.534375 0.6546875 0.61875 0.7296875 0.6140625 0.7828125 0.534375 0.6953125