12 0.3140625 0.6578125 0.321875 0.6609375 0.3140625 0.6765625 0.325 0.6890625 0.365625 0.6984375 0.3828125 0.6921875 0.390625 0.6609375 0.40625 0.665625 0.6390625 0.84375 0.6578125 0.8421875 0.7515625 0.8078125 0.8203125 0.771875 0.846875 0.775 0.9359375 0.740625 0.953125 0.740625 0.984375 0.753125 0.9890625 0.7609375 0.959375 0.759375 0.9484375 0.775 0.9359375 0.775 0.921875 0.765625 0.9015625 0.7671875 0.896875 0.8 0.884375 0.828125 0.884375 0.85 0.878125 0.8578125 0.8828125 0.875 0.665625 0.971875 0.6609375 0.9671875 0.6625 0.9359375 0.653125 0.9234375 0.50625 0.909375 0.46875 0.859375 0.409375 0.80625 0.4078125 0.7640625 0.396875 0.7578125 0.365625 0.75625 0.3015625 0.6859375 0.2921875 0.6625
6 0.675 0.58125 0.70625 0.5828125 0.9 0.634375 0.9015625 0.6703125 0.8828125 0.6703125 0.7140625 0.61875 0.6921875 0.60625 0.5453125 0.6328125 0.53125 0.6296875 0.5359375 0.6
12 0.7015625 0.5578125 0.7359375 0.5703125 0.7703125 0.5734375 0.771875 0.578125 0.7515625 0.58125 0.7578125 0.5875 0.8640625 0.6109375 0.909375 0.61875 0.9671875 0.6140625 0.9765625 0.625 1 0.63125 1 0.6578125 0.75 0.5953125 0.7015625 0.578125 0.53125 0.596875 0.53125 0.578125 0.5546875 0.584375 0.5921875 0.5828125 0.65625 0.5734375 0.6359375 0.56875 0.6359375 0.5609375
9 0.990625 0.2140625 1 0.215625 1 0.5125 0.971875 0.5046875 0.9828125 0.2234375
9 0.290625 0.14375 0.290625 0.53125 0.2953125 0.53125 0.3265625 0.528125 0.334375 0.515625 0.353125 0.50625 0.3546875 0.4359375 0.3484375 0.203125 0.3453125 0.196875 0.3234375 0.1890625 0.31875 0.153125
9 0.4078125 0.2234375 0.525 0.2390625 0.534375 0.24375 0.5375 0.2546875 0.55625 0.2609375 0.6828125 0.278125 0.7125 0.278125 0.784375 0.2609375 0.825 0.265625 0.8171875 0.484375 0.76875 0.4890625 0.70625 0.48125 0.640625 0.48125 0.634375 0.4609375 0.634375 0.4125 0.6234375 0.4015625 0.5421875 0.4046875 0.534375 0.4125 0.5328125 0.4453125 0.5234375 0.4515625 0.4125 0.4546875 0.4078125 0.446875
3 0.471875 0.4515625 0.5328125 0.453125 0.5328125 0.6171875 0.4125 0.6359375 0.4078125 0.59375 0.409375 0.45625
2 0.5375 0.403125 0.634375 0.40625 0.6359375 0.4890625 0.5359375 0.4921875
4 0.8796875 0.5078125 0.8890625 0.5078125 0.89375 0.515625 0.8984375 0.55 0.890625 0.55 0.8828125 0.515625 0.8765625 0.5921875 0.95 0.60625 0.953125 0.6125 0.90625 0.61875 0.7984375 0.59375 0.8125 0.5859375 0.8703125 0.5890625 0.8734375 0.521875
5 0.5421875 0.55625 0.6125 0.5578125 0.634375 0.5640625 0.640625 0.575 0.5625 0.5859375 0.5359375 0.575 0.5359375 0.5625
12 0.996875 0.8171875 1 1 0.975 1 0.9625 0.9859375 0.865625 0.93125 0.8421875 0.9390625 0.834375 0.946875 0.834375 0.9625 0.8734375 0.9890625 0.903125 1 0.6125 1 0.86875 0.8828125
12 0.1546875 0.640625 0.171875 0.640625 0.184375 0.6484375 0.1640625 0.66875 0.175 0.6796875 0.240625 0.675 0.2484375 0.66875 0.2515625 0.6546875 0.271875 0.6578125 0.2921875 0.6703125 0.3734375 0.7578125 0.325 0.7625 0.3125 0.7703125 0.3078125 0.78125 0.31875 0.9828125 0.346875 0.9796875 0.36875 0.9640625 0.384375 0.7875 0.3984375 0.784375 0.4578125 0.8671875 0.5109375 0.9125 0.51875 0.93125 0.5859375 1 0.5296875 1 0.51875 0.953125 0.5109375 0.9453125 0.4953125 0.9515625 0.4921875 0.978125 0.4765625 1 0.2375 1 0.2140625 0.9046875 0.1359375 0.659375 0.1359375 0.65
9 0.68125 0.6109375 0.709375 0.6140625 0.8984375 0.6734375 0.9 0.7515625 0.840625 0.778125 0.8203125 0.771875 0.79375 0.7828125 0.6953125 0.73125 0.6828125 0.73125 0.5375 0.7671875 0.409375 0.66875 0.409375 0.6390625 0.4203125 0.6328125 0.5234375 0.61875 0.528125 0.6203125 0.5265625 0.634375 0.5390625 0.634375