15 0.4734375 0.45 0.6390625 0.465625 0.6953125 0.4859375 0.78125 0.4875 0.7890625 0.4984375 0.7625 0.503125 0.7294433042866887 0.5130165179774773 0.4546875 0.45625
15 0.05625 0.5328125 0.0671875 0.5375 0.08841224229862599 0.5364463486521842 0.12629478936920266 0.5340165454004563 0.2203125 0.559375 0.2515625 0.5453125 0.2546875 0.559375 0.2625 0.565625 0.253125 0.5796875 0.253125 0.6 0.23125 0.603125 0.23125 0.5828125 0.225 0.578125 0.190625 0.578125 0.1546875 0.5828125 0.1515625 0.60625 0.2140625 0.6078125 0.190625 0.6265625 0.1828125 0.6484375 0.1984375 0.6546875 0.2421875 0.65625 0.2703125 0.6703125 0.2984375 0.6703125 0.334375 0.653125 0.3078125 0.6359375 0.290625 0.6203125 0.2921875 0.615625 0.3703125 0.61875 0.44375 0.6078125 0.46875 0.59375 0.46875 0.5703125 0.6234375 0.609375 0.6453125 0.6203125 0.353125 0.715625 0.2203125 0.7015625 0.075 0.665625 0.03125 0.6453125 0 0.61875 0 0.5625
0 0.5734375 0.48125 0.6421875 0.5 0.6359375 0.6125 0.5703125 0.5921875
4 0.584375 0.421875 0.60625 0.434375 0.609375 0.4609375 0.584375 0.4609375 0.575 0.4546875 0.571875 0.4359375
3 0.3671875 0.4203125 0.4 0.421875 0.4 0.453125 0.4265625 0.459375 0.4234375 0.503125 0.4078125 0.50625 0.40625 0.484375 0.4 0.484375 0.3984375 0.50625 0.3875 0.5125 0.3890625 0.534375 0.384375 0.5375 0.3546875 0.5359375 0.34375 0.521875 0.309375 0.5140625 0.30625 0.459375 0.290625 0.45 0.2875 0.4375 0.290625 0.421875
9 0.159375 0.30625 0.4046875 0.3125 0.4125 0.315625 0.4125 0.321875 0.40625 0.35 0.2953125 0.35 0.290625 0.35625 0.2890625 0.403125 0.259375 0.4046875 0.253125 0.403125 0.25 0.371875 0.2359375 0.35 0.1625 0.346875
2 0.3046875 0.346875 0.4140625 0.35 0.4203125 0.4 0.29375 0.4046875 0.290625 0.35
1 0.1640625 0.3484375 0.2390625 0.3515625 0.2515625 0.5140625 0.21875 0.5109375 0.240625 0.5015625 0.2421875 0.4953125 0.1734375 0.4859375
9 0.2546875 0.4796875 0.3046875 0.48125 0.3078125 0.5109375 0.2546875 0.5125 0.2484375 0.490625
9 0.434375 0.4546875 0.4859375 0.459375 0.4953125 0.4796875 0.571875 0.5046875 0.56875 0.590625 0.553125 0.5875 0.553125 0.5703125 0.54375 0.559375 0.440625 0.5421875 0.4359375 0.5125 0.4265625 0.5046875 0.43125 0.484375 0.425 0.4578125
9 0.646875 0.528125 0.76875 0.5640625 0.7546875 0.6765625 0.746875 0.678125 0.6625 0.6375 0.6578125 0.6203125 0.640625 0.6140625 0.6390625 0.5578125 0.6421875 0.5296875
9 0.8484375 0.2640625 0.859375 0.265625 0.859375 0.284375 0.8515625 0.31875 0.84375 0.428125 0.725 0.4234375 0.6921875 0.415625 0.6984375 0.3 0.690625 0.290625
6 0.296875 0.4625 0.30625 0.4671875 0.303125 0.484375 0.2546875 0.4828125 0.25 0.478125 0.2546875 0.4640625
6 0.6421875 0.5015625 0.7671875 0.5296875 0.771875 0.534375 0.7703125 0.5578125 0.646875 0.528125 0.640625 0.5234375
7 0.6546875 0.2921875 0.696875 0.2953125 0.690625 0.415625 0.640625 0.4109375 0.646875 0.2953125
7 0.521875 0.309375 0.5296875 0.3109375 0.5265625 0.403125 0.4125 0.4015625 0.4140625 0.315625