12 0.0546875 0.6640625 0.065625 0.665625 0.1703125 0.740625 0.384375 0.9015625 0.4078125 0.928125 0.3953125 0.9515625 0.340625 1 0 1 0 0.68125 0.0265625 0.678125
4 0.0921875 0.7203125 0.103125 0.728125 0.10625 0.7453125 0.090625 0.7546875 0.078125 0.7484375 0 0.8296875 0 0.80625 0.05625 0.7484375
4 0.1625 0.7765625 0.1828125 0.7796875 0.2078125 0.8015625 0.2078125 0.809375 0.1515625 0.840625 0.0453125 0.884375 0.0421875 0.8890625 0.0484375 0.9 0.0296875 0.9140625 0.003125 0.9171875 0.0015625 0.8484375 0.115625 0.7921875
9 0.9984375 0.2546875 1 0.4015625 1 0.43553712655071053 0.95 0.43125 0.9540203549558539 0.4365288933161603 0.896875 0.4453125 0.8921875 0.5609375 0.890625 0.546875 0.8828125 0.540625 0.7875 0.534375 0.778125 0.540625 0.78125 0.6 0.890625 0.615625 0.884375 0.7625 0.865625 0.765625 0.74375 0.7390625 0.7375 0.8125 0.7234375 0.8578125 0.6640625 0.959375 0.6296875 0.95 0.4625 0.853125 0.38125 0.8140625 0.3296875 0.7796875 0.303125 0.7703125 0.290625 0.753125 0.2828125 0.7046875 0.215625 0.721875 0.20625 0.609375 0.3359375 0.5796875 0.346875 0.5875 0.3421875 0.5953125 0.2921875 0.6078125 0.2890625 0.6203125 0.6453125 0.715625 0.665625 0.7125 0.7421875 0.6421875 0.7359375 0.634375 0.6515625 0.621875 0.64375 0.6109375 0.65 0.5875 0.7 0.5875 0.7125 0.5796875 0.7125 0.4015625 0.70625 0.33125 0.8984375 0.29375
11 0.409375 0.5875 0.45 0.5921875 0.46875 0.603125 0.5609375 0.60625 0.7390625 0.63125 0.7453125 0.6390625 0.69375 0.69375 0.66875 0.7125 0.653125 0.7140625 0.365625 0.6359375 0.29375 0.621875 0.2859375 0.615625 0.2875 0.6078125 0.3265625 0.6 0.3453125 0.6015625 0.353125 0.6125 0.3984375 0.6109375
9 0.5171127557563865 0.36867511609960424 0.5343002557563865 0.37336261609960425 0.5202377557563864 0.4296126160996042 0.5264877557563865 0.48273761609960425 0.5233627557563865 0.5702376160996042 0.5327377557563865 0.5796126160996042 0.5358627557563864 0.5952376160996042 0.5296127557563864 0.6077376160996042 0.48742525575638646 0.6030501160996042 0.47961275575638646 0.5936751160996042 0.48742525575638646 0.5686751160996042 0.4858627557563865 0.3749251160996042
9 0.8984375 0.7109375000000002 0.9625 0.7328125000000002 1 0.7531250000000002 1 0.8468750000000002 0.8984375 0.7921875000000002
3 0.56875 0.5640625 0.64375 0.56875 0.66875 0.5765625 0.65 0.5859375 0.6484375 0.61875 0.5390625 0.6 0.5375 0.5765625
12 0.49375 0.56875 0.5375 0.56875 0.5421875 0.575 0.5078125 0.578125 0.4921875 0.5734375
12 0.6984375 0.5859375 0.771875 0.590625 0.778125 0.5984375 0.6890625 0.590625
12 0.3140625 0.546875 0.328125 0.546875 0.334375 0.553125 0.2109375 0.565625 0.2109375 0.575 0.203125 0.578125 0.1796875 0.578125 0.1546875 0.56875
12 0.3109375 0.571875 0.3390625 0.571875 0.340625 0.5765625 0.2546875 0.596875 0.2078125 0.6 0.2125 0.5890625
3 0.8984375 0.58125 1 0.6 1 0.7421875 0.9671875 0.734375 0.8984375 0.703125
3 0.9984375 0.4296875 1 0.6 0.8984375 0.584375 0.89375 0.44375