14 0.4296875 0.5234375 0.5234375 0.5234375 0.5265625 0.5296875 0.221875 0.5484375 0.1640625 0.540625 0.2046875 0.53125
3 0 0.4515625 0 0.565625 0.190625 0.5609375 0.1875 0.8875 0.1890625 0.896875 0.1953125 0.8984375 0.2015625 0.884375 0.2 0.5453125 0.1890625 0.5359375 0.0703125 0.5390625 0.0671875 0.4765625 0.0484375 0.4625
14 0.16875 0.55625 0.19375 0.55625 0.1921875 0.578125 0 0.5953125 0 0.565625
14 0.7859375 0.53125 0.959375 0.534375 0.975 0.5359375 0.9796875 0.54375 0.6875 0.5984375 0.55 0.575 0.5 0.5578125 0.5109375 0.5515625
0 0.4921875 0.528125 0.5265625 0.53125 0.528125 0.5484375 0.503125 0.5546875 0.5046875 0.565625 0.5109375 0.56875 0.5125 0.684375 0.45 0.7015625 0.4453125 0.5421875 0.45 0.534375
1 0.5453125 0.359375 0.6109375 0.3640625 0.625 0.3734375 0.6265625 0.509375 0.621875 0.5359375 0.6125 0.5453125 0.53125 0.55 0.5328125 0.3625
2 0.084375 0.1015625 0.1 0.1125 0.109375 0.153125 0.11875 0.16875 0.1234375 0.2375 0.1359375 0.253125 0.1421875 0.2828125 0.1375 0.340625 0.1265625 0.3484375 0.11875 0.3703125 0.0828125 0.3625
8 0.4578125 0.24375 0.471875 0.24375 0.5 0.25625 0.5015625 0.4359375 0.4890625 0.44375 0.46875 0.44375 0.4609375 0.4375
8 0.1234375 0.134375 0.153125 0.1375 0.2171875 0.1640625 0.278125 0.18125 0.28125 0.3875 0.275 0.4265625 0.215625 0.4265625 0.1390625 0.4171875 0.1265625 0.4109375 0.128125 0.375 0.1421875 0.3171875 0.1421875 0.275 0.1359375 0.178125 0.128125 0.165625
8 0.434375 0.540625 0.4484375 0.54375 0.4515625 0.70625 0.446875 0.715625 0.2546875 0.765625 0.2 0.771875 0.1984375 0.5609375 0.203125 0.553125
4 0.375 0.4328125 0.384375 0.434375 0.3875 0.44375 0.3859375 0.4640625 0.378125 0.465625 0.3859375 0.4765625 0.3828125 0.521875 0.3640625 0.525 0.3609375 0.4515625
8 0.528125 0.25 0.6234375 0.2796875 0.6234375 0.371875 0.5609375 0.3609375 0.540625 0.3640625 0.5265625 0.3578125
7 0.6234375 0.2859375 0.6390625 0.2875 0.653125 0.3046875 0.6609375 0.303125 0.66875 0.2859375 0.68125 0.290625 0.675 0.540625 0.628125 0.5421875 0.6296875 0.375 0.625 0.3703125