6 0.63125 0.5171875 0.7203125 0.534375 0.725 0.540625 0.7296875 0.715625 0.721875 0.803125 0.6359375 0.7734375 0.625 0.759375 0.6234375 0.5203125
14 0.68125 0.5046875 0.6953125 0.5046875 0.696875 0.515625 0.7046875 0.5234375 0.721875 0.5265625 0.721875 0.53125 0.69375 0.5328125 0.6203125 0.51875 0.6296875 0.5109375
6 0.909375 0.5515625 0.95 0.553125 0.9625 0.5625 1 0.5703125 1 0.9140625 0.9390625 0.8890625 0.9125 0.8859375 0.9078125 0.878125 0.903125 0.5578125
14 0.9609375 0.5296875 0.984375 0.546875 1 0.55 1 0.575 0.9265625 0.565625 0.9015625 0.553125 0.9109375 0.54375
14 0.278125 0.4921875 0.3125 0.4921875 0.3609375 0.503125 0.3328125 0.509375 0.171875 0.51875 0.128125 0.5140625 0.0671875 0.5171875 0.0578125 0.5109375 0.065625 0.503125 0.1015625 0.5 0.1890625 0.5078125 0.2140625 0.496875
0 0.2734375 0.5171875 0.284375 0.51875 0.2875 0.534375 0.284375 0.7625 0.1703125 0.7953125 0.16875 0.528125
1 0.3765625 0.2609375 0.5046875 0.271875 0.5046875 0.7015625 0.4078125 0.728125 0.384375 0.740625 0.375 0.7375
3 0.7984375 0.509375 0.8484375 0.5109375 0.8546875 0.51875 0.878125 0.5234375 0.95625 0.51875 0.9671875 0.528125 0.959375 0.5390625 0.9140625 0.5453125 0.9015625 0.55625 0.90625 0.621875 0.903125 0.9125 0.7328125 0.84375 0.721875 0.8328125 0.7265625 0.6875 0.7234375 0.5296875 0.7484375 0.5140625
6 0.7765625 0 1 0 1 0.36875 0.9546875 0.36875 0.94375 0.3625 0.9453125 0.19375 0.940625 0.1828125 0.9203125 0.18125 0.7703125 0.2078125 0.7625 0.2421875 0.7609375 0.36875 0.6859375 0.3765625 0.6625 0.371875 0.659375 0.05
2 0.9234375 0.2078125 0.9421875 0.209375 0.9375 0.365625 0.8765625 0.3734375 0.7640625 0.3703125 0.7609375 0.2359375
6 0.35 0.509375 0.3578125 0.5171875 0.3578125 0.7109375 0.3515625 0.721875 0.2953125 0.7328125 0.2890625 0.521875
6 0.38038181780202374 0.10625 0.48194431780202374 0.128125 0.49913181780202376 0.1375 0.49756931780202374 0.2515625 0.47569431780202376 0.253125 0.3756943178020237 0.2359375 0.3756943178020237 0.1125
6 0.0984375 0.5265625 0.109375 0.5375 0.109375 0.584375 0.121875 0.596875 0.1453125 0.584375 0.1453125 0.53125 0.16875 0.528125 0.175 0.5328125 0.1703125 0.771875 0.165625 0.778125 0.1359375 0.7765625 0 0.815625 0 0.5375
4 0.0484375 0.428125 0.059375 0.428125 0.0671875 0.4453125 0.065625 0.4609375 0.0546875 0.4453125 0.053125 0.50625 0.0453125 0.475