9 0.4125 0.4890625 0.546875 0.4953125 0.5484375 0.534375 0.5390625 0.540625 0.48125 0.53125 0.45625 0.5421875 0.378125 0.546875 0.35625 0.5640625 0.284375 0.5859375 0.2796875 0.5984375 0.2890625 0.609375 0.290625 0.6734375 0.23125 0.7265625 0.221875 0.7765625 0.1546875 0.8015625 0.0328125 0.865625 0.015625 0.890625 0 0.8890625 0 0.5828125 0.153125 0.5546875 0.2609375 0.51875
12 0.1953125 0.5296875 0.225 0.5296875 0.225 0.534375 0.0453125 0.5765625 0 0.58125 0.003125 0.56875
12 0.3453125 0.565625 0.3546875 0.5671875 0.3764952853735729 0.583345489983258 0.4218915942786084 0.5780053540708321 0.44375 0.596875 0.503125 0.5984375 0.521875 0.5953125 0.528125 0.5859375 0.5375 0.584375 0.56875 0.6015625 0.6015625 0.59375 0.65 0.59375 0.678125 0.609375 0.7078125 0.6140625 0.725 0.6125 0.7265625 0.6015625 0.7421875 0.5890625 0.746875 0.571875 0.803125 0.575 0.815625 0.578125 0.815625 0.5828125 0.7609375 0.640625 0.7484375 0.6625 0.7328125 0.6640625 0.278125 0.59375 0.28125 0.584375
9 0.68125 0.50625 0.9372490671762836 0.530924132182233 0.9271502458636839 0.7297222215111956 0.8078125 0.7203125 0.803125 0.7109375 0.8015625 0.615625 0.8171875 0.584375 0.80625 0.578125 0.746875 0.5703125 0.7390625 0.546875 0.7234375 0.5296875 0.6671875 0.5203125 0.66875 0.5109375
16 0.6765625 0.4890625 0.796875 0.496875 0.8328125 0.4921875 0.8453125 0.4984375 0.9953125 0.509375 1 0.5109375 1 0.528125 0.646875 0.50625 0.6375 0.5015625 0.640625 0.49375
16 0.40625 0.46875 0.5203125 0.4765625 0.559375 0.4921875 0.5234375 0.4953125 0.4 0.4875 0.234375 0.521875 0.209375 0.5203125 0.2015625 0.5125 0.203125 0.4984375 0.2140625 0.49375 0.265625 0.4921875
4 0.621875 0.428125 0.6296875 0.4328125 0.6296875 0.4609375 0.6375 0.46875 0.6234375 0.4765625 0.6078125 0.46875 0.6078125 0.4453125
4 0.5734375 0.4890625 0.640625 0.49375 0.640625 0.540625 0.5515625 0.546875 0.5515625 0.496875
9 0.3171875 0.603125 0.709375 0.6578125 0.71875 0.6640625 0.7171875 0.7140625 0.7125 0.7234375 0.7046875 0.725 0.60625 0.70625 0.559375 0.7046875 0.553125 0.7890625 0.5546875 0.9234375 0.546875 0.934375 0.503125 0.925 0.44375 0.9078125 0.43125 0.8921875 0.43125 0.684375 0.3140625 0.659375 0.309375 0.6078125
9 0.9578125 0.434375 1 0.4359375 1 0.503125 0.95625 0.50625 0.95 0.5015625 0.95 0.4390625
9 0.2140625 0.225 0.259375 0.23125 0.2703125 0.2390625 0.2625 0.28125 0.2609375 0.3875 0.20625 0.390625 0.20625 0.228125
9 0.4859375 0.24375 0.496875 0.25 0.49375 0.38125 0.39375 0.38125 0.3921875 0.2546875
7 0.984375 0.1875 1 0.1875 1 0.4390625 0.946875 0.4375 0.94375 0.403125 0.9359375 0.396875 0.7390625 0.3953125 0.740625 0.234375 0.728125 0.2078125