15 0.578125 0.51875 0.6234375 0.5234375 0.7421875 0.575 0.7515625 0.5875 0.540625 0.5921875 0.3828125 0.5921875 0.378125 0.5875 0.3859375 0.5375 0.39375 0.521875 0.4734375 0.521875 0.478125 0.5296875 0.496875 0.521875 0.5203125 0.540625 0.546875 0.5421875
12 0.09176630295645365 0.5395583833827249 0.10426630295645364 0.5411208833827249 0.14415784231799678 0.5517487548006393 0.07457880295645365 0.552058383382725
5 0.2140625 0.509375 0.246875 0.509375 0.259375 0.51875 0.25625 0.528125 0.2625 0.534375 0.2609375 0.54375 0.221875 0.578125 0.209375 0.575 0.2125 0.5359375 0.14375 0.534375 0.15 0.515625
12 0.15625 0.534375 0.2078125 0.534375 0.209375 0.5390625 0.1875 0.55 0.140625 0.546875 0.1453125 0.5359375
12 0.6484375 0.496875 0.6921875 0.5015625 0.7015625 0.5078125 0.5578125 0.5109375 0.5609375 0.503125 0.5703125 0.5015625
12 0.2125 0.4984375 0.2921875 0.503125 0.421875 0.4984375 0.4640625 0.5 0.471875 0.5078125 0.2703125 0.5109375 0.2515625 0.5171875 0.234375 0.509375 0.2125 0.5109375 0.20625 0.50625
10 0.6953125 0.2078125 0.7859375 0.209375 0.7890625 0.275 0.784375 0.35625 0.7109375 0.359375 0.7046875 0.36875 0.703125 0.5484375 0.6875 0.553125 0.603125 0.5203125 0.596875 0.509375 0.665625 0.5078125 0.675 0.5015625 0.678125 0.4390625 0.625 0.434375 0.6203125 0.428125 0.6171875 0.228125 0.6265625 0.2171875 0.6765625 0.2171875
10 0.775 0.5796875 0.7890625 0.5859375 0.7890625 0.6515625 0.78125 0.6609375 0.74375 0.6609375 0.74375 0.5984375 0.753125 0.584375
10 0.1390625 0.1515625 0.153125 0.1546875 0.159375 0.1703125 0.159375 0.4109375 0.1546875 0.43125 0.1296875 0.4265625 0.1234375 0.4171875 0.1265625 0.171875 0.13125 0.15625
10 0.271875 0.5140625 0.3984375 0.5171875 0.3859375 0.5328125 0.378125 0.5859375 0.3828125 0.640625 0.2640625 0.646875 0.2265625 0.7125 0.1890625 0.7484375 0.18125 0.7328125 0.1859375 0.671875 0.1828125 0.559375 0.196875 0.54375 0.2078125 0.5421875 0.2140625 0.5671875 0.2265625 0.5703125 0.253125 0.55 0.259375 0.51875
10 0.3953125 0.253125 0.4109375 0.259375 0.409375 0.4328125 0.2484375 0.4359375 0.2140625 0.43125 0.21875 0.415625 0.2515625 0.3890625 0.2640625 0.3203125 0.265625 0.2609375 0.2703125 0.25625
4 0.465625 0.446875 0.475 0.4484375 0.4859375 0.4671875 0.48125 0.5390625 0.4734375 0.528125 0.415625 0.5296875 0.4140625 0.525 0.421875 0.521875 0.46875 0.5171875 0.4765625 0.5078125 0.475 0.459375 0.465625 0.45625 0.459375 0.4609375 0.453125 0.478125 0.4484375 0.471875 0.45625 0.4515625
8 0.9984375 0.0078125 1 0.8671875 0.9890625 0.8578125 0.965625 0.8546875 0.9609375 0.8171875 0.821875 0.725 0.81875 0.546875 0.7921875 0.5390625 0.7890625 0.53125 0.7921875 0.171875 0.809375 0.146875 0.8671875 0.1015625 0.89375 0.065625 0.9453125 0.0203125 0.9640625 0.009375
3 0.775 0.3578125 0.7875 0.359375 0.7890625 0.478125 0.709375 0.4765625 0.70625 0.3640625
3 0.709375 0.4828125 0.7640625 0.4828125 0.7875 0.4890625 0.7890625 0.575 0.7453125 0.5765625 0.7078125 0.5625