14 0.353125 0.521875 0.46875 0.5265625 0.5328125 0.521875 0.7015625 0.553125 0.7125 0.559375 0.7125 0.59375 0.709375 0.5984375 0.66875 0.59375 0.45 0.5390625 0.275 0.5515625 0.08125 0.5859375 0.0484375 0.5859375 0.0140625 0.5640625 0.0171875 0.5578125 0.03125 0.5546875
14 0.3703125 0.590625 0.41875 0.59375 0.575 0.64375 0.8734375 0.74375 0.8953125 0.753125 0.8984375 0.7625 0.7359375 0.86875 0.646875 0.9171875 0.6171875 0.91875 0.51875 0.853125 0.428125 0.803125 0.3046875 0.715625 0.265625 0.7015625 0.178125 0.6328125 0.1859375 0.621875
3 0.3078125 0.5625 0.31875 0.5640625 0.31875 0.59375 0.3140625 0.596875 0.171875 0.6203125 0.171875 0.5859375 0.178125 0.5796875
3 0.18125 0.6484375 0.1953125 0.65 0.25 0.6890625 0.2484375 0.746875 0.1859375 0.7640625 0.171875 0.7625 0.1734375 0.653125
1 0.91875 0.3171875 0.9640625 0.3171875 0.975 0.328125 0.965625 0.925 0.9578125 0.93125 0.9546875 0.9546875 0.9484375 0.9578125 0.871875 0.91875 0.875 0.7859375 0.896875 0.76875 0.896875 0.7578125 0.8703125 0.74375 0.7171875 0.6953125 0.7078125 0.684375 0.715625 0.3296875 0.784375 0.3203125
8 0.0578125 0.215625 0.353125 0.2515625 0.4359375 0.2546875 0.45625 0.25 0.4609375 0.2640625 0.4453125 0.303125 0.44375 0.3390625 0.4484375 0.346875 0.4671875 0.3515625 0.4828125 0.3484375 0.4921875 0.3359375 0.4796875 0.2546875 0.5171875 0.25 0.525 0.2625 0.5187775338002687 0.43941392466110807 0.4790132731932921 0.4337339792517092 0.3046875 0.4421875 0.303125 0.3375 0.1578125 0.3359375 0.1484375 0.346875 0.14375 0.43125 0.0625 0.434375 0.05625 0.4234375 0.059375 0.2671875 0.053125 0.21875
2 0.234375 0.3296875 0.3046875 0.334375 0.3015625 0.4328125 0.2421875 0.4375 0.15 0.434375 0.146875 0.334375
4 0.615625 0.4828125 0.625 0.4890625 0.621875 0.5421875 0.6125 0.5375 0.609375 0.509375 0.59375 0.4953125 0.596875 0.490625 0.6140625 0.4953125
4 0.5640625 0.5390625 0.6375 0.5515625 0.590625 0.559375 0.534375 0.546875
8 0.434375 0.5375 0.4734375 0.5421875 0.5953125 0.5765625 0.5953125 0.646875 0.5625 0.64375 0.40625 0.5890625 0.3234375 0.5921875 0.325 0.5578125 0.334375 0.5515625
8 0.1609375 0.5765625 0.1734375 0.58125 0.175 0.5921875 0.1734375 0.7671875 0.1640625 0.7765625 0.0609375 0.8015625 0.05625 0.7953125 0.05625 0.5921875 0.0703125 0.5859375
8 0.9588790587128402 0.15781250000000005 0.9682540587128402 0.16250000000000003 0.9651290587128403 0.31718750000000007 0.8995040587128402 0.32500000000000007 0.7198165587128402 0.33125000000000004 0.7135665587128402 0.4390625 0.7088790587128402 0.4453125 0.6823165587128402 0.4390625 0.6823165587128402 0.24375000000000005 0.7198165587128402 0.23437500000000006 0.7229415587128403 0.20625000000000004 0.7323165587128402 0.19843750000000004
5 0.265625 0.528125 0.2828125 0.5296875 0.3171875 0.5453125 0.1875 0.5625 0.1703125 0.5625 0.134375 0.5484375 0.140625 0.5421875