10 0.390625 0.5171875 0.4109375 0.5203125 0.4109375 0.5515625 0.40625 0.55625 0.303125 0.575 0.2875 0.584375 0.2890625 0.665625 0.2984375 0.6890625 0.29375 0.703125 0.1046875 0.7609375 0.09375 0.7578125 0.0921875 0.6328125 0.0828125 0.559375
12 0.3140625 0.50625 0.3765625 0.5078125 0.4015625 0.515625 0.0921875 0.5546875 0.06875 0.5546875 0.0453125 0.5453125 0.0453125 0.5390625 0.053125 0.5359375 0.121875 0.5375 0.1265625 0.5328125 0.1609375 0.5328125 0.1828125 0.521875
12 0.646875 0.521875 0.7875 0.534375 0.809375 0.5421875 0.775 0.546875 0.4640625 0.6375 0.3703125 0.6125 0.29375 0.584375 0.3 0.578125 0.4265625 0.55625 0.440625 0.5890625 0.4640625 0.5890625 0.4765625 0.5828125 0.4796875 0.571875 0.490625 0.5640625 0.49375 0.5421875 0.59375 0.5265625 0.5953125 0.5359375 0.51875 0.553125 0.55625 0.5578125 0.63125 0.5515625 0.6390625 0.55
12 0.6078125 0.4796875 0.6140625 0.4796875 0.6203125 0.4921875 0.6140625 0.5 0.60625 0.496875
10 0.540625 0.484375 0.5515625 0.484375 0.55625 0.5046875 0.5625 0.5046875 0.5671875 0.49375 0.59375 0.4984375 0.5921875 0.5203125 0.5703125 0.5296875 0.5375 0.5328125
12 0.565625 0.4796875 0.565625 0.490625 0.6 0.496875 0.5984375 0.4796875
10 0.646875 0.496875 0.7828125 0.5140625 0.7828125 0.534375 0.6515625 0.5203125
12 0.73125 0.4921875 0.7859375 0.496875 0.7859375 0.5109375 0.6421875 0.5 0.6421875 0.49375 0.7 0.4984375
10 0.8078125 0.5859375 0.903125 0.596875 0.9078125 0.609375 0.9015625 0.6828125 0.7984375 0.6609375 0.8 0.60625
10 0.421875 0.19375 0.453125 0.1984375 0.484375 0.2171875 0.4859375 0.2671875 0.490625 0.271875 0.503125 0.2640625 0.5109375 0.2171875 0.5265625 0.2171875 0.5296875 0.328125 0.525 0.3328125 0.4234375 0.3265625
10 0.8875 0.1953125 0.9140625 0.1984375 0.9140625 0.3515625 0.796875 0.3578125 0.7921875 0.409375 0.78125 0.415625 0.753125 0.4171875 0.74375 0.4109375 0.740625 0.39375 0.7140625 0.3890625 0.7140625 0.365625 0.7046875 0.3390625 0.628125 0.3421875 0.6234375 0.35 0.625 0.3921875 0.61875 0.3984375 0.60625 0.3984375 0.6125 0.415625 0.5765625 0.421875 0.559375 0.4171875 0.559375 0.253125 0.5640625 0.24375 0.5921875 0.240625 0.603125 0.2203125 0.65 0.2171875 0.6328125 0.234375 0.628125 0.25 0.6359375 0.2890625 0.6578125 0.2984375 0.6671875 0.2890625 0.66875 0.253125 0.678125 0.240625 0.665625 0.2203125 0.675 0.2109375 0.74375 0.2 0.753125 0.2125 0.778125 0.215625 0.7921875 0.2078125
10 0.0609375 0.14375 0.1421875 0.159375 0.1546875 0.1671875 0.159375 0.1828125 0.165625 0.1671875 0.178125 0.165625 0.3671875 0.20625 0.3734375 0.228125 0.378125 0.415625 0.3703125 0.421875 0.1515625 0.4265625 0.0625 0.421875 0.053125 0.1609375 0.0546875 0.146875
10 0.76875 0.575 0.778125 0.575 0.78125 0.58125 0.778125 0.671875 0.7328125 0.6625 0.7265625 0.64375 0.7296875 0.590625
3 0.8640625 0.3703125 0.9078125 0.3703125 0.9078125 0.4625 0.7921875 0.4578125 0.7953125 0.3734375
3 0.8 0.465625 0.9078125 0.471875 0.9046875 0.5890625 0.8015625 0.575 0.80625 0.5421875 0.7921875 0.534375 0.79375 0.46875