1 0.35 0.378125 0.4546875 0.390625 0.45 0.5796875 0.44375 0.584375 0.33125 0.596875 0.3046875 0.5921875 0.2953125 0.3875 0.309375 0.3796875
3 0.459375 0.4640625 0.5515625 0.4640625 0.553125 0.4796875 0.571875 0.4828125 0.565625 0.5578125 0.484375 0.56875 0.4859375 0.4828125 0.4546875 0.475
6 0.234375 0.5078125 0.2921875 0.5078125 0.296875 0.5171875 0.1 0.5375 0.0859375 0.534375 0.090625 0.521875
10 0.703125 0.3765625 0.746875 0.378125 0.7453125 0.4140625 0.7359375 0.440625 0.6390625 0.4390625 0.6296875 0.434375 0.6328125 0.3921875 0.640625 0.38125
10 0.2953125 0.346875 0.5921875 0.36875 0.5875 0.43125 0.5796875 0.440625 0.5671875 0.4359375 0.56875 0.41875 0.5578125 0.3984375 0.478125 0.39375 0.4734375 0.3984375 0.471875 0.434375 0.45625 0.440625 0.45 0.390625 0.3828125 0.3859375 0.378125 0.3828125 0.3796875 0.3703125 0.3671875 0.3640625 0.35625 0.365625 0.3453125 0.38125 0.29375 0.3828125
10 0.1078125 0.328125 0.1625 0.3421875 0.234375 0.346875 0.26875 0.35625 0.278125 0.3703125 0.28125 0.4296875 0.115625 0.43125 0.1015625 0.3359375
0 0.6609375 0.4828125 0.7109375 0.4921875 0.7015625 0.5625 0.675 0.55625 0.6796875 0.5078125 0.65625 0.5015625
10 0.45625 0.509375 0.48125 0.509375 0.48125 0.5546875 0.4765625 0.5625 0.4484375 0.5609375 0.4484375 0.5140625
10 0.5890625 0.503125 0.6125 0.5046875 0.609375 0.5453125 0.5671875 0.553125 0.5703125 0.5078125
6 0.4578125 0.490625 0.48125 0.490625 0.48125 0.50625 0.45 0.5109375 0.4515625 0.49375
6 0.6234375 0.48125 0.65 0.48125 0.6546875 0.496875 0.6328125 0.503125 0.571875 0.503125 0.571875 0.484375