14 0.346875 0.590625 0.43125 0.59375 0.434375 0.615625 0.4671875 0.6234375 0.5875 0.6171875 0.590625 0.6125 0.578125 0.6 0.5828125 0.590625 0.7828125 0.590625 1 0.6671875 1 0.696875 0 0.7046875 0 0.6796875 0.203125 0.5953125
10 0.008449242930635004 0.1020252927118774 0.027199242930635005 0.10671279271187739 0.114699242930635 0.17858779271187739 0.142824242930635 0.1910877927118774 0.144386742930635 0.2129627927118774 0.153761742930635 0.2239002927118774 0.15532424293063501 0.2739002927118774 0.142824242930635 0.5551502927118774 0.149074242930635 0.5598377927118774 0.18606216856460792 0.5555028846838816 0.1869879256339729 0.600858350053155 0.014699242930635004 0.6754627927118774 0.005324242930635004 0.6739002927118773
14 0.15625 0.5484375 0.1859375 0.5484375 0.190625 0.553125 0.1359375 0.559375 0.1375 0.5515625
10 0.5609375 0.565625 0.6875 0.565625 0.6921875 0.5671875 0.6921875 0.590625 0.58125 0.5921875 0.575 0.6 0.559375 0.6
14 0.5609375 0.5484375 0.6765625 0.5515625 0.690625 0.5546875 0.69375 0.5625 0.6828125 0.5671875 0.5625 0.565625 0.5515625 0.553125
10 0.3046875 0.5640625 0.4390625 0.5640625 0.4390625 0.590625 0.2984375 0.59375 0.296875 0.5671875
14 0.3296875 0.5484375 0.4484375 0.5484375 0.4484375 0.553125 0.4328125 0.5671875 0.290625 0.5640625 0.296875 0.55625
10 0.575 0.20625 0.675 0.2140625 0.675 0.3078125 0.66875 0.3625 0.6734375 0.46875 0.6 0.471875 0.56875 0.465625 0.565625 0.265625 0.56875 0.209375
10 0.321875 0.20625 0.4203125 0.20625 0.4328125 0.2109375 0.43125 0.465625 0.425 0.4703125 0.3359375 0.4734375 0.3203125 0.465625 0.3171875 0.2140625
4 0.5046875 0.4734375 0.5109375 0.4765625 0.5125 0.496875 0.515625 0.6234375 0.5 0.621875 0.4984375 0.6015625
4 0.5609375 0.6 0.5765625 0.6015625 0.584375 0.615625 0.5171875 0.6203125 0.5171875 0.6015625
4 0.4375 0.6015625 0.4859375 0.6015625 0.5 0.6046875 0.503125 0.6125 0.5 0.621875 0.43125 0.61875 0.4296875 0.6078125
3 0.525 0.540625 0.54375 0.5421875 0.559375 0.559375 0.559375 0.5984375 0.5140625 0.596875 0.5125 0.54375
3 0.4546875 0.5421875 0.503125 0.54375 0.50625 0.584375 0.490625 0.603125 0.440625 0.6015625 0.440625 0.5609375