12 0.1828125 0.778125 0.2078125 0.7828125 0.3578125 0.865625 0.36875 0.8765625 0.4109375 0.8921875 0.4375 0.9171875 0.4828125 0.934375 0.509375 0.9578125 0.55625 0.9765625 0.609375 0.971875 0.675 0.946875 1 0.85 1 1 0 1 0 0.8578125
12 0.1328125 0.709375 0.1984375 0.734375 0.209375 0.740625 0.209375 0.746875 0.1921875 0.759375 0 0.8390625 0 0.7484375 0.05625 0.7390625 0.071875 0.725 0.1125 0.71875
12 0.6453125 0.6421875 0.834375 0.6671875 0.903125 0.69375 0.9203125 0.709375 0.9640625 0.771875 0.971875 0.796875 1 0.8453125 0.9328125 0.8734375 0.6 0.9734375 0.55625 0.975 0.5015625 0.940625 0.4515625 0.9234375 0.31875 0.84375 0.3765625 0.796875 0.3921875 0.7984375 0.5578125 0.86875 0.5859375 0.8671875 0.771875 0.825 0.775 0.8109375 0.7671875 0.7609375 0.784375 0.7203125 0.784375 0.7015625 0.759375 0.6921875 0.6328125 0.6734375 0.6265625 0.6671875 0.628125 0.659375
12 0.3453125 0.640625 0.3609375 0.6484375 0.4125 0.6421875 0.4328125 0.646875 0.4328125 0.653125 0.3578125 0.6875 0.29375 0.6640625 0.29375 0.659375 0.3203125 0.6578125 0.3234375 0.6484375
9 0.9109375 0.128125 0.921875 0.1390625 0.9234375 0.1546875 0.9171875 0.3265625 0.9203125 0.515625 0.9125 0.5578125 0.89375 0.5609375 0.8765625 0.553125 0.725 0.5484375 0.653125 0.5390625 0.6484375 0.334375 0.64375 0.3265625 0.771875 0.3125 0.8578125 0.2953125 0.8921875 0.1828125 0.8953125 0.153125
9 0 0.1984375 0 0.5859375 0.1640625 0.5671875 0.1703125 0.525 0.1703125 0.421875 0.175 0.4125 0.3140625 0.43125 0.31875 0.4421875 0.3203125 0.521875 0.328125 0.5359375 0.39375 0.5359375 0.3953125 0.459375 0.4015625 0.446875 0.425 0.4515625 0.4703125 0.446875 0.471875 0.3875 0.4671875 0.375 0.228125 0.2796875
3 0.2765625 0.5953125 0.2875 0.596875 0.2875 0.6609375 0.353125 0.684375 0.3546875 0.8140625 0.31875 0.8421875 0.209375 0.7859375 0.2078125 0.7421875 0.140625 0.7046875 0.1390625 0.621875
2 0.1703125 0.4078125 0.31875 0.428125 0.3203125 0.5359375 0.290625 0.5453125 0.1703125 0.55 0.165625 0.4140625
1 0.396875 0.45 0.46875 0.45 0.53125 0.4625 0.528125 0.7765625 0.515625 0.8 0.48125 0.834375 0.4296875 0.8140625 0.4328125 0.653125 0.390625 0.6375 0.3859375 0.5609375 0.3953125 0.5390625
9 0.4265625 0.69375 0.4328125 0.70625 0.43125 0.8140625 0.3859375 0.7953125 0.35625 0.8109375 0.3546875 0.7328125
9 0.73125 0.69375 0.7859375 0.703125 0.7859375 0.7203125 0.7546875 0.80625 0.7625 0.8265625 0.6375 0.8546875 0.6375 0.7171875 0.728125 0.734375
6 0.425 0.6578125 0.4296875 0.659375 0.428125 0.690625 0.35625 0.728125 0.3546875 0.6890625
6 0.6375 0.675 0.725 0.6921875 0.7296875 0.6984375 0.728125 0.73125 0.634375 0.715625 0.6328125 0.6796875