3 0.80625 0.5375 0.9875 0.6046875 0.9859375 0.7421875 0.7984375 0.759375 0.796875 0.7796875 0.8109375 0.796875 0.8046875 1 0.7 1 0.6796875 0.9421875 0.6796875 0.6375 0.6828125 0.6328125 0.8 0.6296875 0.8046875 0.6203125 0.8 0.5765625
12 0.9921875 0.7421875 1 0.7421875 1 1 0.8109375 0.8015625 0.7890625 0.7703125 0.7890625 0.7609375 0.7984375 0.7546875
12 0.346875 0.5921875 0.371875 0.59375 0.371875 0.60625 0.2875 0.79375 0.25 0.8625 0.2453125 0.8828125 0.25 0.8875 0.2796875 0.8875 0.4734375 0.8734375 0.4796875 0.89375 0.484375 1 0 1 0 0.828125 0.0359375 0.78125 0.0875 0.734375 0.1453125 0.7078125 0.1765625 0.6453125 0.1921875 0.6265625 0.228125 0.6203125 0.234375 0.60625 0.253125 0.59375
12 0.6703125 0.5953125 0.753125 0.5953125 0.8 0.6296875 0.6859375 0.6328125 0.6765625 0.65 0.640625 0.609375 0.640625 0.5984375
10 0.88125 0 1 0 1 0.521875 0.9203125 0.509375 0.9078125 0.4984375 0.9046875 0.290625 0.8984375 0.275 0.878125 0.271875 0.8265625 0.2859375 0.7734375 0.303125 0.740625 0.3234375 0.740625 0.4453125 0.7359375 0.4671875 0.715625 0.465625 0.70625 0.4578125 0.70625 0.3484375 0.7 0.328125 0.6671875 0.31875 0.6390625 0.31875 0.640625 0.215625 0.74375 0.1109375 0.7953125 0.078125
2 0.8875 0.275 0.90625 0.278125 0.90625 0.484375 0.8765625 0.4875 0.759375 0.4765625 0.7390625 0.4515625 0.7375 0.3203125 0.8046875 0.29375
1 0.6109375 0.3515625 0.703125 0.3609375 0.70625 0.465625 0.7515625 0.48125 0.75 0.59375 0.640625 0.6015625 0.6453125 0.6171875 0.6453125 0.8265625 0.6515625 0.8484375 0.6234375 0.85625 0.6125 0.8515625 0.5765625 0.7640625 0.575 0.6578125 0.5671875 0.621875 0.5734375 0.365625
6 0.3359375 0.6828125 0.3375 0.73125 0.28125 0.884375 0.253125 0.8859375 0.2671875 0.8375
10 0.3375 0.7109375 0.34375 0.7578125 0.334375 0.8796875 0.3140625 0.8859375 0.271875 0.8859375 0.3015625 0.828125
0 0.3703125 0.60625 0.36875 0.6515625 0.359375 0.6734375 0.3484375 0.88125 0.334375 0.8828125 0.3390625 0.6765625
10 0.021875 0 0.2109375 0 0.228125 0.0375 0.2328125 0.0640625 0.2703125 0.1046875 0.278125 0.1265625 0.3078125 0.16875 0.309375 0.378125 0.30625 0.45625 0.265625 0.459375 0.2578125 0.2875 0.1609375 0.2375 0.128125 0.23125 0.1234375 0.2453125 0.1234375 0.515625 0.1171875 0.521875 0.0109375 0.5453125 0.0046875 0.5359375 0.0078125 0.33125
4 0.20625 0.5984375 0.221875 0.5984375 0.234375 0.6125 0.2328125 0.6203125 0.221875 0.621875 0.2140625 0.609375 0.1984375 0.6125 0.15625 0.696875 0.2171875 0.65625 0.3171875 0.65625 0.29375 0.6984375 0.265625 0.70625 0.284375 0.7171875 0.2484375 0.78125 0.2125 0.79375 0.06875 0.796875 0.0703125 0.7890625 0.146875 0.7125 0.134375 0.709375 0.140625 0.6203125 0.15 0.6203125 0.1546875 0.646875 0.1734375 0.6390625 0.1875 0.6109375
6 0.8109375 0.8015625 0.996875 1 0.89375 0.9984375 0.809375 0.8875
10 0.8078125 0.8953125 0.8203125 0.896875 0.859375 0.9578125 0.9 1 0.8015625 1
10 0.6453125 0.66875 0.6625 0.6828125 0.6765625 0.70625 0.6796875 0.8703125 0.6703125 0.8859375 0.64375 0.825
6 0.646875 0.621875 0.678125 0.6515625 0.678125 0.696875 0.646875 0.6671875