12 0.6140625 0.4859375 0.809375 0.4953125 0.8140625 0.5 0.70625 0.5953125 0.671875 0.634375 0.584375 0.7015625 0.265625 0.634375 0.2375 0.61875 0.24375 0.60625
10 0.7546875 0.475 0.85625 0.484375 0.9765625 0.484375 0.984375 0.49375 0.9765625 0.6390625 0.88125 0.6359375 0.8734375 0.6203125 0.8890625 0.5546875 0.8875 0.5265625 0.859375 0.5203125 0.8375 0.5546875 0.825 0.559375 0.809375 0.55625 0.796875 0.546875 0.809375 0.509375 0.80625 0.5 0.7578125 0.4921875 0.75 0.4859375
15 0.7734375 0.4640625 0.85625 0.471875 0.9 0.471875 0.9078125 0.4640625 0.96875 0.465625 0.978125 0.4671875 0.98125 0.4765625 0.9125 0.4796875 0.7515625 0.471875
10 0.4765625 0.48125 0.490625 0.4875 0.4890625 0.5265625 0.353125 0.571875 0.3328125 0.5734375 0.2375 0.6109375 0.2359375 0.6203125 0.2546875 0.6296875 0.2546875 0.7375 0.25 0.74375 0 0.875 0 0.7265625 0.1734375 0.6640625 0.1828125 0.6296875 0.178125 0.5546875 0.1828125 0.5421875
15 0.478125 0.4703125 0.490625 0.475 0.246875 0.5265625 0.190625 0.5359375 0.171875 0.5328125 0.1734375 0.521875 0.1890625 0.5125 0.2703125 0.5125 0.365625 0.49375 0.3515625 0.4890625 0.3625 0.48125
4 0.6078125 0.415625 0.6234375 0.41875 0.6328125 0.4328125 0.6375 0.5265625 0.6046875 0.53125 0.584375 0.5421875 0.525 0.5359375 0.525 0.5296875 0.56875 0.5140625 0.6234375 0.5140625 0.628125 0.4625 0.621875 0.4296875 0.6046875 0.428125 0.590625 0.471875 0.5921875 0.4375
1 0.7296875 0.309375 0.740625 0.309375 0.7421875 0.4921875 0.6359375 0.4875 0.63125 0.4296875 0.621875 0.41875 0.6078125 0.415625 0.6078125 0.3203125
1 0.609375 0.425 0.625 0.4328125 0.628125 0.484375 0.6078125 0.484375 0.6046875 0.4296875
10 0.340625 0.20625 0.425 0.23125 0.45 0.2328125 0.453125 0.39375 0.3828125 0.4015625 0.3546875 0.4015625 0.35 0.396875 0.35 0.31875 0.33125 0.2390625
10 0.9703125 0.1625 0.9859375 0.1703125 0.9796875 0.24375 0.9828125 0.38125 0.975 0.3875 0.86875 0.390625 0.7484375 0.3875 0.74375 0.3796875 0.7453125 0.3078125 0.784375 0.2921875 0.7609375 0.228125 0.7609375 0.2 0.8015625 0.1875
10 0 0.0546875 0 0.309375 0.1640625 0.3171875 0.1734375 0.328125 0.175 0.384375 0.2140625 0.3859375 0.2203125 0.3734375 0.221875 0.3265625 0.2453125 0.2296875 0.2484375 0.1765625 0.225 0.165625 0.178125 0.15625 0.1703125 0.109375
5 0.309375 0.4859375 0.35 0.4859375 0.3640625 0.4890625 0.3640625 0.49375 0.28125 0.50625 0.2671875 0.5140625 0.19375 0.5078125
10 0.259375 0.6328125 0.50625 0.6921875 0.5125 0.746875 0.509375 1 0.2953125 1 0.2703125 0.9859375 0.271875 0.9703125 0.2546875 0.95625 0.253125 0.678125
10 0.6453125 0.240625 0.65 0.2453125 0.6390625 0.278125 0.6640625 0.28125 0.6703125 0.2890625 0.678125 0.2859375 0.6765625 0.3015625 0.6921875 0.309375 0.6109375 0.3140625 0.6109375 0.2515625
3 0 0.3609375 0 0.5140625 0.171875 0.4875 0.1703125 0.3625
3 0.16875 0.4953125 0.1734375 0.496875 0.1765625 0.528125 0.1765625 0.6625 0 0.728125 0 0.521875