10 0.275 0.575 0.2875 0.5796875 0.2453125 0.5984375 0.2453125 0.6046875 0.253125 0.6078125 0.2515625 0.6859375 0.0359375 0.8375 0.0359375 0.6515625
6 0.2828125 0.546875 0.2890625 0.5515625 0.28125 0.575 0.0390625 0.65 0.0296875 0.6484375 0.028125 0.6046875 0.034375 0.6
12 0.2625 0.54375 0.2875 0.5484375 0.034375 0.6 0 0.5984375 0.003125 0.5765625 0.0671875 0.56875 0.0859375 0.5703125 0.09375 0.578125 0.121875 0.5765625
12 0.4203125 0.5453125 0.4796875 0.5515625 0.453125 0.6078125 0.24375 0.603125 0.25 0.59375 0.375 0.5484375 0.3875 0.5484375 0.39375 0.5546875 0.4125 0.5515625 0.4171875 0.5578125
6 0.3265625 0.540625 0.3890625 0.540625 0.4078125 0.546875 0.3796875 0.5484375 0.33125 0.5625 0.325 0.5578125
4 0.40625 0.5046875 0.4171875 0.521875 0.421875 0.559375 0.396875 0.571875 0.3390625 0.5703125 0.3609375 0.5578125 0.4078125 0.5578125 0.409375 0.5484375 0.4 0.5375 0.3796875 0.5390625 0.3828125 0.5296875 0.3984375 0.528125 0.4125 0.5421875
6 0.3265625 0.5390625 0.3296875 0.5625 0.3484375 0.5609375 0.384375 0.5453125
12 0.353125 0.5328125 0.3765625 0.540625 0.3265625 0.5421875 0.3265625 0.5375
6 0.421875 0.540625 0.5375 0.5421875 0.5421875 0.559375 0.4765625 0.5625 0.4765625 0.55 0.421875 0.5484375
12 0.4328125 0.534375 0.5203125 0.534375 0.5421875 0.5421875 0.41875 0.540625
10 0.2859375 0.3125 0.3046875 0.3234375 0.3203125 0.3421875 0.3203125 0.4359375 0.3140625 0.453125 0.29375 0.453125 0.2859375 0.44375 0.28125 0.3328125
10 0.3421875 0.3484375 0.4015625 0.3484375 0.40625 0.353125 0.4078125 0.471875 0.4015625 0.48125 0.3484375 0.4828125 0.3421875 0.478125 0.3375 0.3703125
10 0.53125 0.34375 0.625 0.3484375 0.628125 0.41875 0.6234375 0.425 0.55 0.425 0.5453125 0.43125 0.5453125 0.4734375 0.5375 0.4859375 0.478125 0.4828125 0.471875 0.4484375 0.4734375 0.35 0.4765625 0.3453125
10 0 0.153125 0 0.4484375 0.1140625 0.459375 0.1140625 0.365625 0.128125 0.3625 0.196875 0.384375 0.203125 0.3984375 0.203125 0.46875 0.25 0.4765625 0.25625 0.4609375 0.253125 0.3109375 0.1359375 0.2296875 0.1203125 0.221875 0.1046875 0.2234375 0.0640625 0.1953125 0.0578125 0.1734375 0.0375 0.175
2 0.2859375 0.4296875 0.2859375 0.5 0.315625 0.5 0.3171875 0.4421875
3 0.2875 0.4984375 0.31875 0.4984375 0.325 0.51875 0.3203125 0.56875 0.2984375 0.578125 0.2875 0.5734375
1 0.55 0.4234375 0.6328125 0.428125 0.628125 0.546875 0.6140625 0.55 0.60625 0.5359375 0.5953125 0.54375 0.603125 0.615625 0.6 0.6609375 0.55625 0.6609375 0.5453125 0.6515625
5 0.1796875 0.54375 0.2359375 0.54375 0.2421875 0.5546875 0.121875 0.5796875 0.0890625 0.575 0.090625 0.5546875
10 0.5 0.5625 0.540625 0.5640625 0.5390625 0.6375 0.4921875 0.6375 0.4953125 0.5953125 0.4625 0.590625 0.475 0.5640625