2 0.165625 0.4390625 0.221875 0.440625 0.221875 0.48125 0.1671875 0.4828125
9 0.215625 0.5125 0.2234375 0.51875 0.2234375 0.546875 0.2203125 0.5625 0.2046875 0.56875 0.2125 0.5859375 0.209375 0.6078125 0.1984375 0.615625 0.171875 0.61875 0.1671875 0.5203125
6 0.184375 0.4890625 0.21875 0.4890625 0.2203125 0.5125 0.16875 0.5140625 0.1671875 0.490625
12 0.1859375 0.4796875 0.215625 0.4796875 0.2203125 0.4875 0.1671875 0.4875
6 0.0609375 0.515625 0.065625 0.5171875 0.065625 0.546875 0 0.596875 0 0.55
12 0.0359375 0.5046875 0.06875 0.5078125 0 0.5515625 0 0.50625
12 0.3125 0.475 0.396875 0.475 0.4578125 0.490625 0.55 0.490625 0.55625 0.496875 0.471875 0.5015625 0.378125 0.4828125 0.3125 0.484375
12 0.3078125 0.4875 0.36875 0.5046875 0.371875 0.5140625 0.2484375 0.5234375 0.2390625 0.51875 0.228125 0.5 0.228125 0.4921875 0.2609375 0.4890625 0.2875 0.4890625 0.296875 0.5 0.2984375 0.4921875
9 0.5120946963367063 0.2046875 0.5183446963367063 0.209375 0.5230321963367064 0.4078125 0.4636571963367063 0.4140625 0.45740719633670635 0.4078125 0.45740719633670635 0.2484375 0.4636571963367063 0.2375
9 0.040625 0.23125 0.259375 0.265625 0.26875 0.303125 0.278125 0.3109375 0.2890625 0.3046875 0.2875 0.2703125 0.3890625 0.2875 0.4109375 0.2765625 0.4125 0.4171875 0.30625 0.4171875 0.3015625 0.415625 0.2978354232401389 0.3528620049609792 0.24692032057327165 0.35131930962361146 0.22261993909123037 0.34823390570776513 0.2203125 0.415625 0.171875 0.4140625 0.16875 0.346875 0.1609375 0.3359375 0.0390625 0.3234375
6 0.4625 0.5015625 0.4890625 0.5078125 0.478125 0.54375 0.4640625 0.5375
1 0.0328125 0.325 0.1640625 0.3390625 0.1671875 0.6265625 0.1609375 0.634375 0.06875 0.64375 0.0703125 0.50625 0.0328125 0.50625 0.0296875 0.5015625
3 0.2296875 0.509375 0.2296875 0.559375 0.253125 0.5625 0.2546875 0.525 0.24375 0.5234375
3 0.2234375 0.434375 0.29375 0.4390625 0.296875 0.4671875 0.309375 0.478125 0.309375 0.4859375 0.2953125 0.4921875 0.2515625 0.4890625 0.2234375 0.49375
9 0.3546875 0.4828125 0.375 0.484375 0.3875 0.5046875 0.428125 0.5171875 0.425 0.6265625 0.3828125 0.5859375 0.365625 0.58125 0.36875 0.509375 0.353125 0.5
9 0.0640625 0.5515625 0.06875 0.55625 0.06875 0.6890625 0 0.834375 0 0.6015625
6 0.38125 0.4859375 0.428125 0.49375 0.428125 0.515625 0.384375 0.5015625