12 0.45625 0.51875 0.5078125 0.51875 0.66875 0.5421875 0.6046875 0.546875 0.4875 0.5265625 0.146875 0.5390625 0.1484375 0.5296875 0.1734375 0.5265625
12 0.3875 0.534375 0.4359375 0.5359375 0.4578125 0.5421875 0.459375 0.5484375 0.2828125 0.559375 0.2921875 0.540625
0 0.5453125 0.540625 0.5828125 0.546875 0.5828125 0.675 0.5453125 0.65
9 0.6390625 0.2953125 0.6453125 0.3015625 0.6421875 0.4546875 0.58125 0.4640625 0.5810316869696105 0.45727803996243405 0.5810316869696105 0.32793472587366523
9 0.009375 0.121875 0.0546875 0.121875 0.0625 0.1296875 0.1515625 0.2625 0.1453125 0.278125 0.146875 0.30625 0.2 0.321875 0.196875 0.3390625 0.203125 0.34375 0.3109375 0.35625 0.3140625 0.340625 0.3203125 0.3375 0.378125 0.346875 0.3796875 0.3625 0.3859375 0.365625 0.446875 0.3734375 0.4875 0.371875 0.5265625 0.359375 0.5265625 0.4671875 0.5140625 0.4734375 0.38125 0.475 0.3765625 0.471875 0.3734375 0.421875 0.3515625 0.415625 0.31875 0.4203125 0.3109375 0.471875 0.19375 0.471875 0.146875 0.465625 0.1421875 0.3640625 0.0890625 0.328125 0.0453125 0.3171875 0.0078125 0.290625 0.0171875 0.165625
4 0.5640625 0.5 0.5734375 0.5015625 0.571875 0.53125 0.5375 0.534375 0.5109375 0.5265625 0.55 0.521875 0.55625 0.5046875
1 0.009375 0.3203125 0.0765625 0.325 0.1375 0.359375 0.1453125 0.378125 0.146875 0.465625 0.14375 0.7453125 0.1171875 0.7875 0.0796875 0.83125 0.0578125 0.85 0.0140625 0.865625 0.0078125 0.8625 0.00625 0.7859375
2 0.31875 0.41875 0.375 0.4234375 0.3765625 0.4703125 0.31875 0.4703125
9 0.584375 0.5734375 0.6140625 0.584375 0.6109375 0.6875 0.5828125 0.671875
9 0.4609375 0.528125 0.475 0.5296875 0.4875 0.546875 0.54375 0.559375 0.54375 0.6515625 0.4890625 0.6203125 0.4734375 0.603125 0.4578125 0.6015625 0.45625 0.5296875
9 0.2015625 0.5546875 0.240625 0.55625 0.2375 0.6265625 0.1828125 0.634375 0.146875 0.675 0.146875 0.575 0.1828125 0.55625
6 0.421875 0.528125 0.4546875 0.528125 0.459375 0.5375 0.4546875 0.54375 0.43125 0.5390625 0.41875 0.5328125
6 0.584375 0.546875 0.6171875 0.5515625 0.6109375 0.578125 0.584375 0.5734375
6 0.48125 0.5296875 0.540625 0.5375 0.5453125 0.540625 0.5453125 0.559375 0.4859375 0.546875 0.4796875 0.54375
6 0.19375 0.534375 0.2890625 0.5359375 0.28125 0.55625 0.284375 0.6 0.278125 0.621875 0.24375 0.6203125 0.2390625 0.553125 0.184375 0.553125 0.16875 0.5640625 0.146875 0.5640625 0.15 0.546875