12 0.359375 0.69375 0.4953125 0.734375 0.571875 0.765625 0.671875 0.7890625 0.740625 0.8125 0.75625 0.809375 0.709375 0.7734375 0.7 0.7640625 0.703125 0.759375 0.84375 0.734375 0.909375 0.7609375 1 0.7359375 1 0.98125 0.9671875 1 0.7984375 1 0.45 0.840625 0.30625 0.78125 0.271875 0.7578125 0.2765625 0.7390625
12 0.8359375 0.61875 0.846875 0.61875 0.8546875 0.634375 0.9 0.6390625 0.903125 0.7484375 0.89375 0.7515625 0.8375 0.728125 0.809375 0.728125 0.6953125 0.753125 0.703125 0.7671875 0.753125 0.8078125 0.5734375 0.7609375 0.4375 0.7171875 0.459375 0.6953125 0.475 0.6921875 0.6375 0.7359375 0.6625 0.7375 0.8078125 0.709375 0.8265625 0.703125
4 0.8515625 0.5890625 0.8796875 0.5953125 0.90625 0.6265625 0.915625 0.665625 0.91875 0.7578125 0.8890625 0.771875 0.7546875 0.809375 0.715625 0.78125 0.6984375 0.7609375 0.734375 0.74375 0.80625 0.728125 0.8453125 0.7328125 0.896875 0.753125 0.903125 0.75 0.9 0.6515625 0.88125 0.6140625 0.8578125 0.6046875 0.8453125 0.6078125 0.8328125 0.6296875 0.8296875 0.6875 0.809375 0.68125 0.825 0.6109375 0.8390625 0.59375
12 0.7765625 0.6140625 0.7875 0.6515625 0.80625 0.675 0.8234375 0.61875
12 0.9203125 0.675 0.93125 0.6828125 0.975 0.6921875 1 0.709375 1 0.7375 0.915625 0.75625 0.915625 0.6796875
9 0.478125 0.596875 0.4875 0.60625 0.4828125 0.69375 0.4625 0.696875 0.4359375 0.7140625 0.3703125 0.6984375 0.3546875 0.7 0.2921875 0.7359375 0.275 0.7390625 0.2765625 0.678125 0.33125 0.6609375
12 0.4390625 0.5859375 0.4875 0.590625 0.2765625 0.6796875 0.2796875 0.625 0.309375 0.6203125 0.3546875 0.63125 0.3765625 0.6296875 0.4265625 0.6078125 0.4203125 0.6015625 0.4015625 0.6 0.4 0.590625
10 0.590625 0.5859375 0.646875 0.5875 0.6515625 0.5921875 0.6515625 0.6859375 0.6453125 0.7046875 0.6375 0.709375 0.59375 0.7046875 0.5796875 0.6953125 0.578125 0.5921875
3 0.25625 0.6421875 0.2671875 0.6421875 0.2703125 0.65 0.26875 0.853125 0.0890625 0.996875 0.0578125 1 0.05625 0.7203125 0.0625 0.70625
9 0.27553409061694145 0.765625 0.29584659061694146 0.771875 0.32553409061694144 0.8015625 0.3239715906169415 0.875 0.30209659061694144 0.8890625 0.19115909061694145 1 0.08490909061694145 1 0.26615909061694143 0.859375 0.27084659061694144 0.8484375 0.27084659061694144 0.7703125
9 0.884375 0.259375 0.915625 0.30625 0.8875 0.36875 0.878125 0.378125 0.878125 0.3921875 0.925 0.396875 1 0.3796875 1 0.5421875 0.91875 0.5390625 0.846875 0.525 0.8421875 0.5328125 0.853125 0.5578125 0.8515625 0.5859375 0.821875 0.6171875 0.79375 0.61875 0.7828125 0.6109375 0.7796875 0.4484375 0.76875 0.43125 0.7640625 0.3734375 0.7671875 0.315625 0.78125 0.2890625 0.840625 0.2765625 0.8453125 0.2828125 0.8296875 0.3046875 0.834375 0.31875 0.846875 0.3171875
9 0.14018076402115714 0.11033909728292848 0.16586975991899483 0.13047129526957707 0.18947580241076123 0.14366141190606968 0.190625 0.146875 0.2109375 0.165625 0.275 0.1984375 0.278125 0.2484375 0.290625 0.2796875 0.3265625 0.2625 0.34375 0.265625 0.384375 0.3046875 0.4046875 0.3125 0.4171875 0.35 0.4578125 0.3515625 0.45625 0.36875 0.44375 0.3890625 0.4609375 0.40625 0.4546875 0.509375 0.415625 0.5078125 0.4140625 0.440625 0.403125 0.428125 0.3390625 0.4234375 0.334375 0.4296875 0.33125 0.5125 0.321875 0.51875 0.278125 0.5203125 0.2734375 0.4515625 0.265625 0.4296875 0.061725236070726816 0.4033495394545678 0.05478224874474953 0.3728040764386886 0.06519672973371544 0.06665501887208607 0.11240891006437836 0.0874299523530202
2 0.3328125 0.415625 0.3328125 0.5078125 0.4125 0.50625 0.4140625 0.43125
5 0.3828125 0.59375 0.415625 0.5984375 0.428125 0.60625 0.3625 0.6328125 0.30625 0.6203125
9 0.6046875 0.4109375 0.609375 0.4203125 0.6109375 0.509375 0.5859375 0.5109375 0.5859375 0.4125 0.5984375 0.4171875
7 0.621875 0.4015625 0.64375 0.40625 0.6453125 0.5109375 0.621875 0.5109375 0.61875 0.50625
3 0.0578125 0.4109375 0.1984375 0.421875 0.271875 0.4390625 0.2703125 0.6421875 0.2640625 0.653125 0.0625 0.71875