9 0.4 0.5390625 0.41875 0.5390625 0.4203125 0.55625 0.4 0.559375
12 0.4265625 0.5109375 0.484375 0.5125 0.490625 0.51875 0.39375 0.5171875
3 0.5625 0.4859375 0.61875 0.4890625 0.6125 0.6375 0.5859375 0.6328125 0.5859375 0.5515625 0.59375 0.5390625 0.55 0.5328125 0.5515625 0.5203125 0.5609375 0.515625
12 0.553125 0.534375 0.5921875 0.5390625 0.5796875 0.5546875 0.5546875 0.55625 0.5484375 0.54375
9 0.2890625 0.5734375 0.3046875 0.575 0.303125 0.6671875 0.296875 0.6875 0.2421875 0.7234375 0.228125 0.7265625 0.20625 0.63125 0.1984375 0.628125 0.1859375 0.6390625 0.1609375 0.6453125 0.1421875 0.6625 0.128125 0.7125 0.1359375 0.7671875 0.0953125 0.784375 0.0953125 0.6265625
6 0.2921875 0.546875 0.3046875 0.553125 0.3015625 0.5703125 0.29375 0.5734375 0.1546875 0.6078125 0.1109375 0.615625 0.096875 0.6109375 0.0953125 0.5921875 0.1015625 0.584375
12 0.278125 0.5375 0.3015625 0.5375 0.3046875 0.5421875 0.1078125 0.58125 0.0390625 0.5703125 0.115625 0.565625 0.221875 0.5421875
12 0.61875 0.5171875 0.7484375 0.5234375 0.753125 0.5296875 0.7421875 0.534375 0.74375 0.55625 0.759375 0.5703125 0.853125 0.5796875 0.86875 0.5859375 0.7375 0.578125 0.7109375 0.5546875 0.696875 0.5296875 0.6171875 0.5265625 0.6140625 0.5203125
9 0.7973089486262649 0.1734375 0.8051214486262648 0.1796875 0.7988714486262649 0.2234375 0.8051214486262648 0.44375 0.8004339486262648 0.4515625 0.7738714486262649 0.4515625 0.7660589486262649 0.440625 0.7644964486262649 0.4171875 0.7629339486262648 0.2421875
9 0.06605894862626487 0.18237860204011555 0.07855894862626486 0.18394110204011554 0.34887144862626485 0.32144110204011556 0.35043394862626487 0.4011286020401156 0.28324644862626486 0.3933161020401156 0.28012144862626487 0.45737860204011554 0.2738714486262649 0.46519110204011554 0.06762144862626487 0.45425360204011556
9 0.64375 0.3359375 0.6977660080406565 0.32821383591757564 0.6968981107881268 0.46835861663281425 0.61875 0.465625 0.615625 0.415625 0.5859375 0.4125 0.55625 0.41875 0.5578125 0.465625 0.5515625 0.4703125 0.409375 0.471875 0.403125 0.4671875 0.403125 0.365625 0.4078125 0.3609375 0.48125 0.353125 0.490625 0.359375 0.5046875 0.35625 0.525 0.375 0.5359375 0.375 0.54375 0.3609375 0.559375 0.353125 0.559375 0.375 0.5671875 0.3796875 0.5734375 0.3734375 0.5671875 0.3640625 0.575 0.3453125
2 0.55625 0.4140625 0.615625 0.415625 0.615625 0.4640625 0.5578125 0.465625
1 0.2796875 0.39375 0.3265625 0.396875 0.378125 0.4109375 0.3796875 0.5421875 0.378125 0.5671875 0.36875 0.571875 0.3734375 0.6453125 0.3125 0.6796875 0.3109375 0.6859375 0.296875 0.6828125 0.303125 0.671875 0.3046875 0.5390625 0.2609375 0.5328125 0.2578125 0.46875 0.278125 0.4640625
9 0.68125 0.534375 0.7015625 0.540625 0.70625 0.578125 0.6484375 0.5765625 0.6328125 0.6328125 0.61875 0.6359375 0.6125 0.625 0.615625 0.55 0.665625 0.5515625
7 0.721875 0.325 0.73125 0.3296875 0.73125 0.45625 0.728125 0.4625 0.7015625 0.4625 0.696875 0.3375
9 0.7328125 0.3109375 0.7375 0.3125 0.7390625 0.3703125 0.7359375 0.465625 0.7265625 0.4578125 0.725 0.4328125 0.725 0.334375
4 0.7484375 0.4671875 0.7703125 0.4671875 0.7765625 0.475 0.759375 0.4796875 0.7515625 0.496875 0.74375 0.5 0.740625 0.490625
6 0.7015625 0.5484375 0.709375 0.5578125 0.7078125 0.5765625 0.7015625 0.56875
6 0.3984375 0.51875 0.41875 0.5203125 0.4171875 0.5359375 0.4 0.5359375
6 0.61875 0.5296875 0.6703125 0.534375 0.6703125 0.5484375 0.61875 0.546875