10 0.4625 0.6171875 0.4703125 0.6171875 0.475 0.6265625 0.471875 0.7484375 0.44375 0.7546875 0.2953125 0.825 0.2671875 0.83125 0.26875 0.659375 0.4046875 0.625
6 0.4671875 0.584375 0.471875 0.5859375 0.471875 0.6140625 0.4671875 0.6171875 0.2796875 0.6546875 0.265625 0.65 0.26875 0.609375
12 0.421875 0.5640625 0.48125 0.571875 0.4828125 0.5796875 0.278125 0.609375 0.2671875 0.6078125 0.2640625 0.5921875 0.25625 0.5859375 0.2578125 0.5796875
12 0.175 0.7078125 0.1890625 0.7109375 0.2203125 1 0 1 0 0.753125
6 0.4828125 0.63125 0.5453125 0.65625 0.5421875 0.7078125 0.534375 0.709375 0.484375 0.68125
12 0.528125 0.6015625 0.54375 0.603125 0.5421875 0.6484375 0.4859375 0.6296875 0.478125 0.621875 0.48125 0.6125
6 0.03125 0.6390625 0.04375 0.6390625 0.04375 0.6984375 0 0.7109375 0 0.64375
12 0.053125 0.596875 0.0671875 0.6 0.05 0.6171875 0.040625 0.640625 0 0.6453125 0 0.603125
10 0 0.0828125 0 0.4578125 0.05625 0.4609375 0.0625 0.45625 0.06875 0.396875 0.0671875 0.31875 0.0828125 0.3125 0.25 0.346875 0.2546875 0.353125 0.2609375 0.46875 0.4484375 0.4765625 0.4546875 0.34375 0.4546875 0.265625 0.45 0.2609375 0.2265625 0.18125 0.109375 0.1296875 0.075 0.1203125 0.0546875 0.1046875
10 0 0.071875 0 0.4578125 0.0609375 0.4578125 0.065625 0.3140625 0.0796875 0.3125 0.25 0.34375 0.25625 0.3671875 0.259375 0.4625 0.265625 0.46875 0.428125 0.4796875 0.45 0.4765625 0.453125 0.265625 0.4484375 0.2609375 0.3484375 0.2265625 0.25 0.1765625 0.1703125 0.15 0.1265625 0.1265625 0.0796875 0.1140625 0.0671875 0.103125 0.009375 0.0890625 0.00625 0.075
2 0.0671875 0.3078125 0.2546875 0.3453125 0.259375 0.35625 0.2578125 0.465625 0.25 0.4703125 0.0734375 0.4671875 0.0625 0.4546875
3 0.196875 0.5140625 0.246875 0.5140625 0.2484375 0.578125 0.2625 0.590625 0.265625 0.6015625 0.265625 0.8671875 0.2125 0.89375 0.2046875 0.884375 0.184375 0.709375 0.05 0.7421875 0.04375 0.7390625 0.0453125 0.6296875 0.05 0.615625 0.071875 0.590625 0.071875 0.51875
1 0.928125 0 1 0 1 1 0.5390625 1 0.5421875 0.259375 0.665625 0.16875
10 0.66875 0 0.9359375 0.0015625 0.703125 0.15 0.5421875 0.2609375 0.5359375 0.2453125 0.534375 0.1484375 0.5296875 0.1390625
10 0.659375 0 0.93125 0.0015625 0.6640625 0.1734375 0.5421875 0.259375 0.5390625 0.275 0.5296875 0.1328125
10 0.4921875 0.69375 0.54375 0.721875 0.5421875 0.9296875 0.534375 0.9484375 0.5046875 0.9171875 0.48125 0.8703125 0.4859375 0.7046875
10 0.0359375 0.7015625 0.0453125 0.7046875 0.0453125 0.740625 0 0.7546875 0 0.7078125