15 0.4265625 0.615625 0.4671875 0.61875 0.4640625 0.6828125 0.4703125 0.6859375 0.625 0.678125 0.571875 0.6625 0.559375 0.653125 0.54375 0.6640625 0.5296875 0.6640625 0.5265625 0.6296875 0.5375 0.6234375 0.7140625 0.678125 0.8875 0.7203125 0.8953125 0.725 0.896875 0.7453125 0.8796875 0.75 0.5125 0.7625 0.440625 0.759375 0.296875 0.7328125 0.1859375 0.703125 0.1265625 0.6796875 0.0984375 0.6625 0.0890625 0.646875 0.0890625 0.625 0.096875 0.621875 0.2546875 0.61875 0.2640625 0.621875 0.2625 0.6375 0.271875 0.65 0.3609375 0.6515625 0.4015625 0.6375 0.4125 0.61875
6 0.5366318178020236 0.5779509258036309 0.5913193178020236 0.5857634258036309 0.5960068178020237 0.626388425803631 0.5897568178020236 0.6388884258036309 0.5413193178020237 0.634200925803631 0.5288193178020236 0.627950925803631 0.5288193178020236 0.5842009258036309
15 0.5390625 0.5703125 0.584375 0.571875 0.5953125 0.578125 0.596875 0.5875 0.5328125 0.58125 0.5296875 0.575
6 0.6328125 0.590625 1 0.65 1 0.7453125 0.9203125 0.721875 0.921875 0.6546875 0.9171875 0.6515625 0.890625 0.653125 0.890625 0.7109375 0.8828125 0.71875 0.6453125 0.646875 0.6328125 0.6203125
15 0.628125 0.5875 0.684375 0.5890625 0.70625 0.5984375 0.728125 0.5921875 0.78125 0.59375 0.7921875 0.596875 0.7859375 0.60625 0.7890625 0.6125 0.884375 0.63125 1 0.628125 1 0.6640625 0.8609375 0.64375 0.6890625 0.6046875 0.634375 0.6 0.625 0.5953125
10 0.8359375 0.0609375 0.8453125 0.0640625 0.8453125 0.171875 0.840625 0.20625 0.8265625 0.2359375 0.825 0.290625 0.8421875 0.3046875 0.84375 0.3140625 0.84375 0.4296875 0.83125 0.440625 0.6984375 0.4375 0.6875 0.4203125 0.6875 0.15 0.6984375 0.1375
4 0.4953125 0.446875 0.5125 0.4484375 0.528125 0.46875 0.54375 0.534375 0.54375 0.5484375 0.5359375 0.5546875 0.5265625 0.553125 0.5234375 0.4921875 0.5125 0.465625 0.49375 0.4640625 0.48125 0.496875 0.4703125 0.496875 0.4765625 0.4671875
4 0.528125 0.6484375 0.5875 0.65 0.66875 0.678125 0.5296875 0.6828125
1 0.2578125 0.2921875 0.4609375 0.2984375 0.45625 0.6140625 0.38125 0.6125 0.38125 0.5484375 0.36875 0.5375 0.359375 0.5421875 0.35625 0.5328125 0.3484375 0.5328125 0.3390625 0.5390625 0.3265625 0.5375 0.31875 0.5515625 0.303125 0.55625 0.30625 0.6046875 0.278125 0.61875 0.2546875 0.61875 0.25 0.30625
1 0.24375 0.71875 0.303125 0.734375 0.3015625 0.809375 0.2734375 0.803125 0.2625 0.778125 0.2421875 0.7609375
3 0.1515625 0.559375 0.228125 0.5609375 0.2265625 0.6203125 0.0890625 0.625 0.0890625 0.6484375 0.103125 0.6671875 0.103125 0.7 0.0984375 0.7078125 0.0875 0.696875 0.0859375 0.7125 0.103125 0.7453125 0.103125 0.7703125 0.1015625 0.775 0.05 0.7765625 0.053125 0.5625
3 0.1359375 0.690625 0.234375 0.7171875 0.2390625 0.721875 0.234375 0.7546875 0.2234375 0.75625 0.2125 0.7390625 0.190625 0.7234375 0.1421875 0.7171875 0.1421875 0.6984375
5 0.8703125 0.590625 1 0.6078125 1 0.6390625 0.9890625 0.634375 0.8921875 0.6359375 0.8640625 0.6265625 0.8109375 0.621875 0.7890625 0.609375 0.8046875 0.6
6 0.0984375 0.784375 0.10625 0.7890625 0.10625 0.8953125 0.0328125 0.8984375 0.0453125 0.7890625
10 0.9234375 0.7265625 1 0.7453125 1 1 0.915625 0.9984375 0.9125 0.7421875
10 0.0421875 0.0578125 0.3375 0.0859375 0.340625 0.0921875 0.3171875 0.1296875 0.315625 0.178125 0.325 0.1921875 0.340625 0.196875 0.3578125 0.196875 0.36875 0.1875 0.38125 0.153125 0.4265625 0.1421875 0.44375 0.0984375 0.4703125 0.0984375 0.475 0.1078125 0.4703125 0.29375 0.4609375 0.2984375 0.25 0.2953125 0.24375 0.3046875 0.24375 0.33125 0.2328125 0.3390625 0.0375 0.33125 0.0359375 0.0625
3 0.05 0.390625 0.2328125 0.39375 0.234375 0.55 0.2203125 0.5546875 0.05 0.553125