6 0.4703125 0.5296875 0.5484375 0.5296875 0.5578125 0.5375 0.54375 0.5421875 0.4703125 0.5421875 0.465625 0.5390625
14 0.4796875 0.5140625 0.5515625 0.5140625 0.559375 0.5171875 0.559375 0.528125 0.46875 0.528125 0.46875 0.51875
14 0.4734375 0.540625 0.578125 0.5453125 0.5984375 0.571875 0.6 0.5875 0.575 0.596875 0.396875 0.596875 0.38125 0.590625 0.38125 0.575 0.4140625 0.553125 0.4359375 0.54375
14 0.7484375 0.521875 0.7734375 0.521875 0.775 0.528125 0.7453125 0.5328125 0.74375 0.5375 0.796875 0.55625 0.9140625 0.5578125 0.9921875 0.5734375 1 0.5765625 1 0.6046875 0.84375 0.6015625 0.7421875 0.559375 0.6921875 0.53125 0.6953125 0.5234375
14 0.3109375 0.5171875 0.3671875 0.5171875 0.375 0.525 0.3640625 0.534375 0.1125 0.6125 0 0.6125 0 0.5765625 0.009375 0.5734375
3 0.3984375 0.4703125 0.471875 0.4703125 0.475 0.5171875 0.465625 0.5203125 0.4625 0.5421875 0.434375 0.54375 0.3828125 0.5734375 0.3828125 0.5921875 0.4109375 0.6 0.4109375 0.68125 0.3765625 0.684375 0.3734375 0.521875 0.39375 0.515625 0.39375 0.4734375
9 0.034375 0.0875 0.0859375 0.115625 0.1265625 0.1484375 0.15 0.1765625 0.3515625 0.3171875 0.55625 0.3140625 0.553125 0.4421875 0.4703125 0.44375 0.46875 0.3875 0.4609375 0.3765625 0.3875 0.3765625 0.38125 0.3859375 0.3796875 0.4453125 0.2125 0.4296875 0.0265625 0.3984375 0.021875 0.3859375 0.028125 0.1234375
2 0.4578125 0.371875 0.4671875 0.375 0.4671875 0.4453125 0.3921875 0.446875 0.3796875 0.4421875 0.38125 0.375
1 0.68125 0.3796875 0.7296875 0.3828125 0.7359375 0.4359375 0.7640625 0.4390625 0.7625 0.525 0.69375 0.5296875 0.703125 0.6578125 0.6984375 0.6953125 0.6703125 0.6921875 0.65 0.65 0.6484375 0.4 0.6671875 0.38125
0 0.703125 0.5453125 0.7234375 0.553125 0.7203125 0.7234375 0.696875 0.6953125 0.6953125 0.55
9 0.75625 0.2609375 0.7640625 0.265625 0.7671875 0.29375 0.7671875 0.43125 0.7609375 0.4390625 0.7453125 0.440625 0.7328125 0.4328125 0.7265625 0.290625 0.7296875 0.28125
9 0.909375 0.1171875 0.9234375 0.1234375 0.9234375 0.3828125 0.9125 0.3921875 0.871875 0.4046875 0.859375 0.165625
6 0.7296875 0.55625 0.85 0.6109375 0.8546875 0.7359375 0.846875 0.8421875 0.853125 0.8890625 0.8296875 0.884375 0.784375 0.8046875 0.7890625 0.6328125 0.778125 0.615625 0.725 0.5890625 0.7234375 0.5703125
9 0.725 0.590625 0.753125 0.6 0.790625 0.625 0.7875 0.8015625 0.7546875 0.7703125 0.7234375 0.7234375 0.7203125 0.5953125
9 0.359375 0.565625 0.3703125 0.5703125 0.3734375 0.58125 0.3703125 0.659375 0.15 0.890625 0.13125 0.90625 0.1203125 0.9046875 0.121875 0.6765625 0.1796875 0.640625
6 0.3625 0.534375 0.3703125 0.5359375 0.3640625 0.5640625 0.31875 0.5796875 0.11875 0.6734375 0.109375 0.6703125 0.1078125 0.6234375 0.1140625 0.6109375