9 0.671875 0.575 0.684375 0.575 0.771875 0.6125 0.790625 0.628125 0.9390625 0.7 0.9375 0.840625 0.925 0.8953125 0.8890625 0.875 0.68125 0.671875 0.6796875 0.653125 0.6890625 0.63125 0.66875 0.609375
6 0.675 0.5484375 0.940625 0.640625 0.9453125 0.690625 0.9328125 0.6953125 0.7640625 0.6078125 0.6765625 0.571875 0.671875 0.565625
12 0.6703125 0.5375 0.6734375 0.54375 0.7140625 0.5609375 0.809375 0.5890625 0.9390625 0.6375 1 0.6421875 1 0.6203125 0.978125 0.6109375 0.94375 0.6078125 0.9265625 0.5875 0.9125 0.58125 0.7828125 0.56875 0.7421875 0.55625 0.746875 0.54375 0.7390625 0.540625
12 0.3296875 0.5390625 0.346875 0.5390625 0.3484375 0.54375 0.084375 0.640625 0 0.6421875 0 0.61875 0.05625 0.6 0.2234375 0.5546875
12 0.45625 0.5359375 0.5765625 0.5375 0.684375 0.6203125 0.6953125 0.63125 0.6953125 0.640625 0.6515625 0.6453125 0.365625 0.640625 0.3484375 0.6359375 0.3578125 0.6171875 0.4390625 0.54375
4 0.5375 0.475 0.553125 0.48125 0.559375 0.5171875 0.553125 0.5171875 0.5484375 0.4859375 0.534375 0.484375 0.5265625 0.4921875 0.5265625 0.515625 0.53125 0.51875 0.5265625 0.5515625 0.58125 0.5546875 0.59375 0.5703125 0.55 0.575 0.528125 0.56875 0.51875 0.55 0.5234375 0.4875
9 0.5296875 0.346875 0.559375 0.3515625 0.5609375 0.428125 0.55625 0.4328125 0.49375 0.428125 0.4828125 0.478125 0.4140625 0.475 0.4015625 0.4390625 0.353125 0.4390625 0.35 0.434375 0.3453125 0.359375 0.3515625 0.3546875 0.4 0.3546875 0.415625 0.3609375 0.4265625 0.3765625 0.48117381916044144 0.3750411964097621 0.4796875 0.359375 0.4953125 0.353125 0.503125 0.365625 0.5015625 0.409375 0.5171875 0.4140625 0.5234375 0.409375 0.5234375 0.359375
9 0.9984375 0.0984375 1 0.4515625 0.9109375 0.4609375 0.8375 0.4609375 0.8328125 0.2921875 0.8203125 0.28125 0.7875 0.2984375 0.7390625 0.3359375 0.7265625 0.3890625 0.73125 0.409375 0.790625 0.4109375 0.7984375 0.415625 0.7984375 0.4671875 0.70625 0.4703125 0.7 0.446875 0.7 0.3390625 0.74375 0.30625 0.7484375 0.25625 0.803125 0.2140625 0.81875 0.19375 0.8671875 0.19375 0.890625 0.1859375
1 0.490625 0.4265625 0.5578125 0.428125 0.5609375 0.5140625 0.5546875 0.5390625 0.4890625 0.5390625
5 0.7375 0.5453125 0.796875 0.546875 0.8328125 0.5546875 0.85 0.5671875 0.775 0.56875 0.728125 0.5546875
9 0.340625 0.5734375 0.3546875 0.5796875 0.35625 0.5953125 0.35 0.6234375 0.353125 0.6515625 0.3390625 0.6734375 0.24375 0.765625 0.0984375 0.921875 0.08125 0.925 0.0765625 0.9171875 0.08125 0.7328125 0.0875 0.703125 0.20625 0.6375
6 0.4125 0.528125 0.4828125 0.528125 0.4859375 0.534375 0.4140625 0.5484375 0.4046875 0.5421875 0.4046875 0.5328125
6 0.3375 0.5484375 0.346875 0.5484375 0.353125 0.571875 0.40625 0.5765625 0.359375 0.6125 0.353125 0.6125 0.3484375 0.5984375 0.3484375 0.5765625 0.328125 0.578125 0.128125 0.68125 0.0921875 0.696875 0.0828125 0.69375 0.08125 0.66875 0.0890625 0.65 0.23125 0.5875
3 0.3515625 0.509375 0.403125 0.5125 0.4015625 0.56875 0.3484375 0.565625
2 0.3515625 0.453125 0.4015625 0.453125 0.403125 0.5015625 0.3515625 0.503125