12 0.7421875 0.596875 0.790625 0.603125 0.7640625 0.790625 0.75 0.8 0.1078125 0.875 0.1 0.86875 0.04375 0.75625 0.021875 0.7015625 0.0265625 0.6890625 0.1046875 0.66875 0.121875 0.6703125 0.1265625 0.684375 0.1640625 0.7171875 0.684375 0.6796875 0.6984375 0.6734375
10 0.5078125 0.575 0.528125 0.5765625 0.5328125 0.603125 0.609375 0.6171875 0.615625 0.6203125 0.6140625 0.6328125 0.5484375 0.6890625 0.528125 0.690625 0.5046875 0.68125 0.4890625 0.69375 0.4625 0.696875 0.459375 0.6140625 0.484375 0.6046875 0.4875 0.5859375
12 0.49375 0.55 0.61875 0.565625 0.625 0.5703125 0.625 0.5875 0.528125 0.571875 0.45625 0.5828125 0.4234375 0.571875
12 0.6203125 0.634375 0.7015625 0.6515625 0.709375 0.659375 0.6890625 0.6796875 0.5546875 0.6890625
12 0.328125 0.5921875 0.375 0.6015625 0.3828125 0.609375 0.240625 0.653125 0.25625 0.66875 0.30625 0.6921875 0.3140625 0.7015625 0.30625 0.709375 0.1609375 0.7171875 0.11875 0.678125 0.115625 0.66875 0.1015625 0.6609375 0.1015625 0.6515625 0.109375 0.6453125
3 0.3953125 0.53125 0.4125 0.5328125 0.4109375 0.5703125 0.4546875 0.58125 0.4515625 0.6984375 0.378125 0.703125 0.38125 0.6078125 0.3359375 0.590625 0.3359375 0.5421875
1 0.7578125 0.409375 0.7625 0.4125 0.7625 0.596875 0.740625 0.5984375 0.7109375 0.6546875 0.625 0.6359375 0.628125 0.4203125
10 0.1015625 0.2265625 0.2703125 0.284375 0.2734375 0.3140625 0.2671875 0.3796875 0.2796875 0.3890625 0.3140625 0.3890625 0.3203125 0.384375 0.3140625 0.303125 0.353125 0.3109375 0.371875 0.29375 0.43125 0.3171875 0.440625 0.35 0.4921875 0.365625 0.6 0.3515625 0.6046875 0.35625 0.6046875 0.3921875 0.6265625 0.396875 0.65 0.384375 0.64375 0.328125 0.65 0.3015625 0.6953125 0.2984375 0.753125 0.2828125 0.7578125 0.2890625 0.759375 0.403125 0.7546875 0.4078125 0.6828125 0.40625 0.6296875 0.4125 0.6203125 0.496875 0.4375 0.4984375 0.4359375 0.4265625 0.403125 0.4140625 0.3609375 0.4125 0.35625 0.4171875 0.3546875 0.5 0.35 0.5046875 0.1 0.51875 0.096875 0.2671875
2 0.359375 0.4140625 0.3984375 0.415625 0.4390625 0.4265625 0.4359375 0.4953125 0.421875 0.5015625 0.3546875 0.5015625 0.3546875 0.4171875
10 0.3703125 0.6484375 0.3796875 0.6484375 0.3796875 0.703125 0.3140625 0.7046875 0.296875 0.6890625 0.2984375 0.6796875
10 0.2890625 0.640625 0.296875 0.6421875 0.2953125 0.6796875 0.290625 0.6828125 0.2421875 0.659375
6 0.48125 0.5859375 0.490625 0.5875 0.490625 0.6046875 0.4625 0.6125 0.4625 0.5921875
6 0.5328125 0.5765625 0.61875 0.5890625 0.6234375 0.5921875 0.6234375 0.6171875 0.6125 0.6203125 0.5359375 0.6046875 0.5296875 0.6
6 0.3703125 0.615625 0.38125 0.61875 0.378125 0.6484375 0.29375 0.6796875 0.296875 0.640625