15 0.4171875 0.5390625 0.4734375 0.5390625 0.5015625 0.5484375 0.709375 0.54375 0.725 0.5515625 0.3 0.55 0.3078125 0.5421875
15 0.3609375 0.5640625 0.4421875 0.5640625 0.44375 0.5796875 0.5265625 0.58125 0.559375 0.5796875 0.559375 0.565625 0.5765625 0.5640625 0.584375 0.5890625 0.6375 0.5875 0.6421875 0.578125 0.6359375 0.5640625 0.6546875 0.5640625 0.7578125 0.603125 0.759375 0.6109375 0.74375 0.615625 0.5640625 0.61875 0.2953125 0.6125 0.3 0.6
10 0.3 0.6140625 0.3234375 0.615625 0.3296875 0.621875 0.3296875 0.665625 0.3234375 0.671875 0.2140625 0.6640625 0.2109375 0.65 0.21875 0.64375 0.2984375 0.6421875
10 0.5578125 0.3265625 0.70625 0.334375 0.7015625 0.4765625 0.553125 0.475 0.553125 0.33125
10 0.215625 0.3109375 0.303125 0.3109375 0.3296875 0.325 0.465625 0.328125 0.465625 0.4765625 0.31875 0.4734375 0.3125 0.4703125 0.3125 0.45 0.3015625 0.43125 0.215625 0.4265625
4 0.5015625 0.4828125 0.5078125 0.56875 0.53125 0.5703125 0.5375 0.5625 0.5421875 0.571875 0.559375 0.5765625 0.440625 0.5796875 0.44375 0.571875 0.5 0.5703125 0.496875 0.5140625
1 0.003125 0.296875 0.078125 0.321875 0.184375 0.3734375 0.184375 0.7796875 0.1703125 0.8015625 0.096875 0.875 0.0140625 0.946875 0 0.953125
10 0 0.1234375 0 0.3140625 0.021875 0.3171875 0.021875 0.30625 0.0328125 0.303125 0.1484375 0.3515625 0.1484375 0.2390625
6 0.5125 0.553125 0.571875 0.5546875 0.575 0.559375 0.546875 0.571875 0.5125 0.5703125 0.5078125 0.559375
6 0.6640625 0.553125 0.721875 0.553125 0.721875 0.578125 0.7078125 0.58125 0.6421875 0.5625 0.6453125 0.5546875
6 0.303125 0.5515625 0.49375 0.553125 0.496875 0.559375 0.4890625 0.5671875 0.475 0.56875 0.3640625 0.5640625 0.340625 0.5765625 0.309375 0.5765625 0.3015625 0.571875
10 0.3265625 0.575 0.3421875 0.5765625 0.2984375 0.6 0.3015625 0.5765625
3 0.2203125 0.4359375 0.2984375 0.4375 0.2984375 0.51875 0.21875 0.5171875
3 0.2203125 0.53125 0.2984375 0.534375 0.3 0.646875 0.221875 0.64375