12 0.1390625 0.5390625 0.1515625 0.5390625 0.15 0.5609375 0.0546875 0.6078125 0.3078125 0.6734375 0.3140625 0.68125 0.3125 0.7 0.234375 0.746875 0.2140625 0.7484375 0 0.6609375 0 0.575 0.0875 0.546875
12 0.36875 0.546875 0.5125 0.55625 0.515625 0.5609375 0.49375 0.5765625 0.3765625 0.56875 0.2953125 0.596875 0.2828125 0.646875 0.44375 0.6859375 0.4390625 0.7015625 0.3125 0.8234375 0.303125 0.8265625 0.296875 0.8140625 0.296875 0.7359375 0.3109375 0.7015625 0.3109375 0.6828125 0.3 0.6703125 0.275 0.6640625 0.2578125 0.6515625 0.2703125 0.6 0.20625 0.6046875 0.1734375 0.63125 0.159375 0.634375 0.1578125 0.6296875 0.165625 0.609375 0.196875 0.5875
4 0.171875 0.503125 0.19375 0.5109375 0.209375 0.5578125 0.203125 0.5625 0.1953125 0.559375 0.1953125 0.534375 0.1828125 0.5140625 0.1703125 0.5140625 0.1609375 0.521875 0.1578125 0.5828125 0.1625 0.625 0.146875 0.6328125 0.15 0.5296875 0.1546875 0.515625
12 0.1859375 0.5328125 0.196875 0.534375 0.19375 0.5453125 0.1578125 0.5546875 0.159375 0.5359375
10 0.68125 0.609375 0.721875 0.6109375 0.7484375 0.61875 0.7453125 0.7953125 0.6078125 0.7609375 0.6078125 0.6328125 0.678125 0.640625
12 0.6234375 0.5671875 0.7609375 0.5796875 0.7671875 0.59375 0.7671875 0.61875 0.7625 0.6234375 0.725 0.603125 0.6125 0.5953125 0.6078125 0.584375
4 0.259375 0.5984375 0.275 0.5984375 0.275 0.603125 0.2578125 0.64375 0.2 0.65 0.1625 0.6390625 0.1921875 0.60625
10 0.6046875 0.24375 0.6171875 0.2453125 0.6171875 0.2765625 0.7921875 0.2484375 0.7640625 0.309375 0.765625 0.4765625 0.6140625 0.4765625 0.6125 0.384375 0.60625 0.378125 0.5265625 0.3828125 0.5140625 0.3890625 0.5078125 0.4546875 0.5125 0.478125 0.3546875 0.4765625 0.3515625 0.325 0.503125 0.296875 0.5125 0.2921875 0.5078125 0.2640625
2 0.5546875 0.3765625 0.6140625 0.378125 0.6171875 0.4640625 0.6125 0.48125 0.51875 0.4796875 0.5109375 0.471875 0.5125 0.3875 0.5234375 0.3796875
3 0.5265625 0.5109375 0.6171875 0.5171875 0.6171875 0.5703125 0.6078125 0.5859375 0.6109375 0.6859375 0.609375 0.78125 0.6046875 0.790625 0.5 0.7578125 0.4984375 0.575 0.525 0.553125 0.521875 0.525
1 0.9796875 0 1 0 1 1 0.765625 1 0.759375 0.71875 0.7703125 0.509375 0.765625 0.3109375 0.8125 0.2140625 0.9421875 0.040625 0.9609375 0.0296875
10 0.390625 0.571875 0.4125 0.5734375 0.4140625 0.6015625 0.4203125 0.6046875 0.4984375 0.615625 0.496875 0.73125 0.4328125 0.7140625 0.4421875 0.7 0.4375 0.68125 0.296875 0.6484375 0.3015625 0.634375 0.3609375 0.609375 0.3640625 0.578125
6 0.753125 0.628125 0.7625 0.63125 0.7609375 0.68125 0.7546875 0.678125 0.7515625 0.6625
6 0.3546875 0.5796875 0.3625 0.5796875 0.3609375 0.6109375 0.3015625 0.634375 0.2984375 0.6015625
6 0.421875 0.578125 0.4953125 0.58125 0.4984375 0.6109375 0.4890625 0.6140625 0.4265625 0.6046875 0.4203125 0.59375
6 0.6125 0.596875 0.678125 0.6046875 0.6796875 0.6375 0.6125 0.63125